

----------------------------------------------------
STRUCTURE by Pritchard, Stephens and Donnelly (2000)
     and Falush, Stephens and Pritchard (2003)
       Code by Pritchard, Falush and Hubisz
             Version 2.3.4 (Jul 2012)
----------------------------------------------------



Command line arguments:   /Users/Rachael/Documents/programs/structure/structure -K 3 -o K3.1 
Input File:    96snps_breeding.str

Run parameters:
   223 individuals
   96 loci
   3 populations assumed
   20000 Burn-in period
   50000 Reps


--------------------------------------------
Proportion of membership of each pre-defined
 population in each of the 3 clusters

Given    Inferred Clusters       Number of
 Pop       1      2      3      Individuals

  1:     0.656  0.018  0.326       12
  2:     0.671  0.023  0.306        9
  3:     0.979  0.012  0.009        8
  4:     0.829  0.047  0.124       20
  5:     0.007  0.978  0.015        6
  6:     0.082  0.731  0.188       12
  7:     0.022  0.973  0.006       11
  8:     0.023  0.886  0.091       17
  9:     0.091  0.683  0.225       11
 10:     0.756  0.097  0.147       22
 11:     0.004  0.990  0.006        7
 12:     0.086  0.883  0.031        5
 13:     0.842  0.021  0.137       10
 14:     0.008  0.972  0.020       17
 15:     0.018  0.939  0.043        9
 16:     0.910  0.007  0.083        1
 17:     0.963  0.011  0.026        9
 18:     0.063  0.904  0.033        8
 20:     0.796  0.026  0.178       12
 21:     0.885  0.006  0.108       17
--------------------------------------------

Allele-freq. divergence among pops (Net nucleotide distance),
computed using point estimates of P.

      1       2       3      
 1      -    0.2216  0.0833  
 2   0.2216     -    0.1303  
 3   0.0833  0.1303     -    

Average distances (expected heterozygosity) between individuals in same cluster:
cluster  1  : 0.1576 
cluster  2  : 0.2007 
cluster  3  : 0.2066 

--------------------------------------------
Estimated Ln Prob of Data   = -14111.8
Mean value of ln likelihood = -13966.1
Variance of ln likelihood   = 291.4
Mean value of alpha         = 0.1260

Mean value of Fst_1         = 0.4497
Mean value of Fst_2         = 0.4973
Mean value of Fst_3         = 0.3402


Inferred ancestry of individuals:
        Label (%Miss) Pop:  Inferred clusters
  1  96N0117    (2)    1 :  0.478 0.075 0.447 
  2  97N6723   (10)    1 :  0.806 0.027 0.167 
  3  97N5321    (0)    1 :  0.777 0.005 0.219 
  4  97N5322    (0)    1 :  0.989 0.002 0.009 
  5  97N5323    (0)    1 :  0.489 0.012 0.499 
  6  97N5324    (6)    1 :  0.961 0.008 0.031 
  7  97N5325    (0)    1 :  0.981 0.003 0.017 
  8  97N5327    (0)    1 :  0.294 0.013 0.692 
  9  97N5328    (0)    1 :  0.441 0.027 0.532 
 10  97N5329    (1)    1 :  0.388 0.014 0.598 
 11  97N5330    (0)    1 :  0.829 0.021 0.150 
 12  97N5331    (6)    1 :  0.442 0.007 0.551 
 13 07N13314    (0)    3 :  0.992 0.003 0.005 
 14 07N13315    (0)    3 :  0.991 0.003 0.006 
 15 07N13316    (0)    3 :  0.976 0.016 0.008 
 16 07N13317    (0)    3 :  0.991 0.003 0.006 
 17 07N13545    (0)    3 :  0.988 0.005 0.008 
 18 07N13546    (0)    3 :  0.943 0.048 0.009 
 19 07N13547    (0)    3 :  0.977 0.008 0.015 
 20 07N13548    (0)    3 :  0.973 0.014 0.013 
 21  05N4604    (0)    4 :  0.616 0.009 0.375 
 22  05N4605    (0)    4 :  0.982 0.010 0.008 
 23  05N4607    (0)    4 :  0.659 0.012 0.329 
 24  05N4608    (0)    4 :  0.933 0.033 0.034 
 25  05N4610   (12)    4 :  0.743 0.033 0.224 
 26  05N4624    (0)    4 :  0.991 0.003 0.006 
 27  05N4625    (0)    4 :  0.676 0.009 0.315 
 28  05N4627    (0)    4 :  0.990 0.004 0.006 
 29  05N4628    (2)    4 :  0.520 0.204 0.275 
 30  09N1347    (0)    4 :  0.737 0.235 0.027 
 31  09N1348    (1)    4 :  0.865 0.124 0.011 
 32  01N7123    (1)    4 :  0.989 0.002 0.009 
 33  01N7124    (0)    4 :  0.988 0.004 0.008 
 34  01N7125    (0)    4 :  0.898 0.091 0.011 
 35  01N7126    (0)    4 :  0.834 0.006 0.160 
 36  01N7127    (1)    4 :  0.722 0.119 0.159 
 37  01N7128    (0)    4 :  0.974 0.005 0.022 
 38  01N7129    (0)    4 :  0.818 0.015 0.166 
 39  01N7130    (0)    4 :  0.915 0.010 0.075 
 40  13N0516    (0)    4 :  0.737 0.012 0.250 
 41  02N9746    (0)    5 :  0.015 0.955 0.030 
 42 06N29507    (0)    5 :  0.008 0.969 0.023 
 43 06N29508    (0)    5 :  0.005 0.984 0.011 
 44 07N21016    (0)    5 :  0.003 0.992 0.005 
 45 07N21027    (2)    5 :  0.007 0.977 0.016 
 46 07N34099    (0)    5 :  0.003 0.993 0.004 
 47  99N0522    (0)   18 :  0.019 0.827 0.154 
 48  99N0524    (0)   18 :  0.007 0.974 0.019 
 49  99N0525    (0)   18 :  0.003 0.991 0.005 
 50  99N0526    (0)   18 :  0.013 0.937 0.051 
 51  99N0527    (1)   18 :  0.276 0.720 0.004 
 52  99N0528    (0)   18 :  0.008 0.978 0.014 
 53  99N0529    (0)   18 :  0.170 0.824 0.006 
 54  99N0530    (0)   18 :  0.007 0.984 0.009 
 55     7038    (1)   11 :  0.006 0.980 0.014 
 56 07N18309    (0)   12 :  0.005 0.986 0.010 
 57 07N18343    (2)   12 :  0.376 0.610 0.014 
 58 07N18346    (0)   12 :  0.016 0.960 0.024 
 59 07N18356    (0)   12 :  0.012 0.932 0.056 
 60 07N18361    (0)   12 :  0.019 0.927 0.053 
 61  00N5172    (0)   10 :  0.719 0.213 0.068 
 62  00N5173    (0)   10 :  0.801 0.146 0.054 
 63  11N3234    (0)   10 :  0.633 0.100 0.266 
 64  12N2944    (0)   10 :  0.881 0.110 0.009 
 65  00N5171    (0)   10 :  0.557 0.257 0.186 
 66  11N3237    (0)   10 :  0.422 0.051 0.527 
 67  11N3238    (0)   10 :  0.795 0.173 0.032 
 68  11N3239    (0)   10 :  0.901 0.088 0.011 
 69  11N3240    (0)   10 :  0.685 0.018 0.298 
 70  02N2288    (0)   10 :  0.762 0.026 0.212 
 71  02N2289    (1)   10 :  0.991 0.003 0.006 
 72  02N2292    (2)   10 :  0.966 0.029 0.005 
 73  05N5315    (0)   10 :  0.989 0.005 0.006 
 74 03N0775.    (0)   10 :  0.617 0.036 0.347 
 75  03N0776    (0)   10 :  0.917 0.024 0.059 
 76  03N0777    (0)   10 :  0.830 0.005 0.165 
 77  03N0778    (0)   10 :  0.840 0.099 0.061 
 78  03N0782    (0)   10 :  0.919 0.074 0.007 
 79  03N0798    (0)   10 :  0.657 0.125 0.217 
 80  03N6168    (0)   13 :  0.612 0.008 0.380 
 81  03N6169    (0)   13 :  0.984 0.009 0.007 
 82  03N6176    (0)   13 :  0.933 0.048 0.019 
 83  03N6177    (0)   13 :  0.982 0.008 0.010 
 84  03N6178    (0)   13 :  0.634 0.006 0.360 
 85  97N6797    (0)   13 :  0.941 0.030 0.029 
 86  97N6798    (0)   13 :  0.970 0.003 0.027 
 87  97N6799    (0)   13 :  0.893 0.021 0.086 
 88  97N6800    (0)   13 :  0.876 0.072 0.052 
 89  97N6801    (0)   13 :  0.591 0.008 0.401 
 90  97N5259    (0)   14 :  0.006 0.973 0.020 
 91  97N5262    (0)   14 :  0.031 0.888 0.082 
 92  97N5267    (0)   14 :  0.006 0.969 0.025 
 93  97N5268    (0)   14 :  0.005 0.979 0.016 
 94  97N5269    (0)   14 :  0.007 0.986 0.007 
 95  99N0688    (0)   14 :  0.004 0.988 0.008 
 96  00N5322    (1)   14 :  0.004 0.989 0.007 
 97  99N1162    (0)   14 :  0.004 0.986 0.010 
 98  06N4619    (0)   14 :  0.004 0.987 0.009 
 99  06N4628    (0)   14 :  0.004 0.991 0.005 
100  06N4633    (0)   14 :  0.023 0.958 0.019 
101  06N4634    (0)   14 :  0.003 0.991 0.006 
102  06N4635    (0)   14 :  0.013 0.903 0.084 
103  99N1157    (0)   14 :  0.003 0.992 0.005 
104  99N1159    (1)   14 :  0.003 0.992 0.005 
105  99N1160    (0)   14 :  0.003 0.992 0.005 
106  99N1161    (0)   14 :  0.016 0.957 0.027 
107  14N0241    (0)   15 :  0.032 0.954 0.014 
108  14N0242    (0)   15 :  0.003 0.992 0.005 
109  14N0282    (0)   15 :  0.029 0.937 0.034 
110  14N0283    (0)   15 :  0.060 0.924 0.016 
111  14N0284    (0)   15 :  0.009 0.854 0.138 
112  14N0285    (0)   15 :  0.008 0.943 0.050 
113  14N0286    (0)   15 :  0.005 0.983 0.012 
114  15N0132    (0)   15 :  0.010 0.962 0.027 
115  15N0192    (0)   15 :  0.010 0.901 0.089 
116  08N1182    (0)   16 :  0.910 0.007 0.083 
117     7039    (0)   11 :  0.002 0.994 0.003 
118  02N8790    (0)    8 :  0.015 0.839 0.146 
119  02N8792    (0)    8 :  0.010 0.936 0.054 
120  02N8801    (1)    8 :  0.008 0.937 0.055 
121  02N8803    (0)    8 :  0.006 0.976 0.017 
122  02N8805    (0)    8 :  0.217 0.779 0.004 
123  02N8807    (0)    8 :  0.007 0.961 0.032 
124  02N8811    (0)    8 :  0.007 0.974 0.019 
125  02N8816    (0)    8 :  0.008 0.768 0.224 
126  02N8827    (0)    8 :  0.004 0.988 0.008 
127  02N8829    (1)    8 :  0.013 0.947 0.041 
128 08N23341    (0)    8 :  0.025 0.901 0.074 
129  05N8693    (0)   17 :  0.988 0.005 0.008 
130  06N0762    (0)   17 :  0.916 0.024 0.060 
131  06N1404    (0)   17 :  0.964 0.005 0.031 
132  06N1475    (0)   17 :  0.886 0.033 0.081 
133  07N1314    (0)   17 :  0.991 0.003 0.006 
134  08N1304    (0)   17 :  0.984 0.008 0.008 
135  08N1379    (0)   17 :  0.973 0.005 0.022 
136  08N1663    (0)   17 :  0.990 0.004 0.007 
137  08N1665    (0)   17 :  0.976 0.009 0.015 
138  00N5479    (0)    7 :  0.002 0.995 0.003 
139  00N5480    (0)    7 :  0.013 0.969 0.018 
140  00N5481    (0)    7 :  0.003 0.994 0.003 
141  00N5482    (0)    7 :  0.002 0.995 0.003 
142  00N5483    (0)    7 :  0.003 0.992 0.005 
143  00N5484    (0)    7 :  0.002 0.995 0.003 
144  00N5485    (0)    7 :  0.199 0.797 0.004 
145  00N5486    (0)    7 :  0.003 0.992 0.005 
146 08N22058    (0)    7 :  0.004 0.986 0.010 
147 10N16953    (0)    7 :  0.003 0.993 0.004 
148 10N16968    (0)    7 :  0.002 0.994 0.004 
149  96N0277    (0)   20 :  0.893 0.007 0.100 
150  96N0278    (0)   20 :  0.987 0.005 0.008 
151  96N0279    (0)   20 :  0.829 0.129 0.042 
152  96N0280    (0)   20 :  0.741 0.006 0.252 
153  96N0281    (0)   20 :  0.917 0.013 0.069 
154  96N0282    (0)   20 :  0.541 0.006 0.453 
155  96N0283    (0)   20 :  0.959 0.034 0.008 
156  96N0284    (0)   20 :  0.687 0.063 0.250 
157  96N0285    (0)   20 :  0.707 0.028 0.266 
158  96N0291    (0)   20 :  0.990 0.003 0.007 
159  96N0299    (0)   20 :  0.555 0.005 0.439 
160  96N0300    (0)   20 :  0.750 0.010 0.240 
161  01N4476    (0)    6 :  0.027 0.757 0.216 
162  01N4477    (0)    6 :  0.041 0.467 0.493 
163  02N1415    (0)    6 :  0.026 0.708 0.266 
164  02N1416    (0)    6 :  0.011 0.776 0.213 
165  02N1417    (0)    6 :  0.017 0.704 0.278 
166  02N1418    (1)    6 :  0.031 0.819 0.150 
167  02N1419    (0)    6 :  0.013 0.742 0.246 
168  02N1420    (2)    6 :  0.378 0.609 0.014 
169  02N1421    (0)    6 :  0.304 0.682 0.014 
170  02N1422    (0)    6 :  0.083 0.726 0.190 
171  97N6629    (0)    6 :  0.042 0.806 0.152 
172  97N6628    (0)    6 :  0.008 0.970 0.021 
173 06N35383    (0)   21 :  0.540 0.004 0.456 
174 09N17890    (0)   21 :  0.988 0.002 0.010 
175 09N18315    (0)   21 :  0.977 0.005 0.018 
176 10N16477    (0)   21 :  0.991 0.002 0.007 
177 10N16478    (0)   21 :  0.983 0.003 0.014 
178  02N1139    (0)   21 :  0.967 0.009 0.024 
179  02N1140    (0)   21 :  0.977 0.007 0.016 
180  03N4284    (0)   21 :  0.976 0.007 0.017 
181  03N6131    (0)   21 :  0.960 0.028 0.011 
182  03N6132    (0)   21 :  0.684 0.004 0.312 
183  04N7586    (0)   21 :  0.990 0.004 0.006 
184  04N7587    (0)   21 :  0.984 0.002 0.014 
185  04N7588    (0)   21 :  0.984 0.002 0.013 
186  05N5632    (0)   21 :  0.958 0.020 0.022 
187 09N17508    (0)   21 :  0.989 0.002 0.009 
188  97N6283    (0)   21 :  0.584 0.005 0.412 
189  97N6284    (0)   21 :  0.515 0.003 0.482 
190 07N28554    (0)    9 :  0.008 0.831 0.161 
191 07N28571    (0)    9 :  0.109 0.820 0.070 
192 07N28591    (0)    9 :  0.011 0.549 0.440 
193 07N28640    (0)    9 :  0.012 0.572 0.416 
194 07N28922    (0)    9 :  0.181 0.809 0.009 
195 08N21408    (0)    9 :  0.007 0.729 0.263 
196 08N21409    (0)    9 :  0.014 0.671 0.315 
197 08N21430    (0)    9 :  0.309 0.671 0.020 
198 08N21435    (0)    9 :  0.020 0.349 0.631 
199 08N21446    (0)    9 :  0.008 0.850 0.141 
200 08N21938    (0)    9 :  0.322 0.666 0.012 
201     7040    (0)   11 :  0.007 0.980 0.013 
202  98N3510    (0)    8 :  0.008 0.716 0.276 
203  98N3517    (0)    8 :  0.008 0.944 0.048 
204  98N3518    (0)    8 :  0.022 0.809 0.169 
205  98N3519    (0)    8 :  0.010 0.935 0.055 
206  98N3520    (0)    8 :  0.012 0.834 0.154 
207  98N3521    (0)    8 :  0.013 0.822 0.165 
208  00N5114    (0)   10 :  0.529 0.346 0.124 
209  00N5115    (0)   10 :  0.820 0.163 0.018 
210  00N5116    (0)   10 :  0.409 0.040 0.551 
211     3101    (0)    2 :  0.951 0.004 0.044 
212     3102    (0)    2 :  0.271 0.010 0.719 
213     3103    (1)    2 :  0.550 0.026 0.425 
214     3104    (0)    2 :  0.976 0.012 0.013 
215     3105    (0)    2 :  0.527 0.006 0.468 
216     3106    (0)    2 :  0.450 0.010 0.540 
217     3107    (0)    2 :  0.954 0.015 0.031 
218     3108    (0)    2 :  0.972 0.018 0.010 
219     3109    (0)    2 :  0.386 0.108 0.506 
220     7037    (0)   11 :  0.003 0.993 0.004 
221     7042    (1)   11 :  0.003 0.994 0.004 
222     7043    (0)   11 :  0.002 0.995 0.003 
223     7044    (0)   11 :  0.002 0.995 0.003 


Estimated Allele Frequencies in each cluster
First column gives estimated ancestral frequencies


Locus 1 : 
2 alleles
0.9% missing data
   3   (0.683) 0.820 0.239 0.959 
   4   (0.317) 0.180 0.761 0.041 

Locus 2 : 
2 alleles
0.0% missing data
   3   (0.729) 0.817 0.901 0.951 
   1   (0.271) 0.183 0.099 0.049 

Locus 3 : 
2 alleles
0.0% missing data
   1   (0.813) 0.156 0.999 0.981 
   4   (0.187) 0.844 0.001 0.019 

Locus 4 : 
2 alleles
0.0% missing data
   3   (0.778) 0.921 0.999 0.816 
   1   (0.222) 0.079 0.001 0.184 

Locus 5 : 
2 alleles
0.0% missing data
   2   (0.761) 0.901 0.991 0.906 
   4   (0.239) 0.099 0.009 0.094 

Locus 6 : 
2 alleles
0.4% missing data
   3   (0.802) 0.993 0.983 0.919 
   1   (0.198) 0.007 0.017 0.081 

Locus 7 : 
2 alleles
1.8% missing data
   4   (0.543) 0.564 0.668 0.591 
   2   (0.457) 0.436 0.332 0.409 

Locus 8 : 
2 alleles
0.0% missing data
   1   (0.517) 0.990 0.009 0.501 
   3   (0.483) 0.010 0.991 0.499 

Locus 9 : 
2 alleles
0.0% missing data
   3   (0.830) 0.980 0.995 0.968 
   1   (0.170) 0.020 0.005 0.032 

Locus 10 : 
2 alleles
0.0% missing data
   1   (0.465) 0.994 0.007 0.224 
   4   (0.535) 0.006 0.993 0.776 

Locus 11 : 
2 alleles
0.0% missing data
   3   (0.701) 0.863 0.982 0.795 
   1   (0.299) 0.137 0.018 0.205 

Locus 12 : 
2 alleles
0.0% missing data
   1   (0.688) 0.781 0.653 0.932 
   3   (0.312) 0.219 0.347 0.068 

Locus 13 : 
2 alleles
1.3% missing data
   2   (0.827) 0.983 0.989 0.976 
   4   (0.173) 0.017 0.011 0.024 

Locus 14 : 
2 alleles
0.0% missing data
   2   (0.757) 0.824 0.995 0.899 
   1   (0.243) 0.176 0.005 0.101 

Locus 15 : 
2 alleles
0.0% missing data
   1   (0.249) 0.982 0.002 0.022 
   2   (0.751) 0.018 0.998 0.978 

Locus 16 : 
2 alleles
0.0% missing data
   1   (0.808) 0.983 0.999 0.810 
   3   (0.192) 0.017 0.001 0.190 

Locus 17 : 
2 alleles
0.0% missing data
   2   (0.579) 0.563 0.979 0.371 
   4   (0.421) 0.437 0.021 0.629 

Locus 18 : 
2 alleles
0.0% missing data
   2   (0.774) 0.918 0.995 0.883 
   4   (0.226) 0.082 0.005 0.117 

Locus 19 : 
2 alleles
0.9% missing data
   3   (0.696) 0.903 0.945 0.847 
   1   (0.304) 0.097 0.055 0.153 

Locus 20 : 
2 alleles
0.0% missing data
   4   (0.734) 0.938 0.982 0.885 
   2   (0.266) 0.062 0.018 0.115 

Locus 21 : 
2 alleles
0.0% missing data
   2   (0.704) 0.838 0.932 0.901 
   4   (0.296) 0.162 0.068 0.099 

Locus 22 : 
2 alleles
0.0% missing data
   2   (0.829) 0.720 0.999 0.963 
   4   (0.171) 0.280 0.001 0.037 

Locus 23 : 
2 alleles
0.9% missing data
   2   (0.761) 0.941 0.985 0.902 
   4   (0.239) 0.059 0.015 0.098 

Locus 24 : 
2 alleles
0.0% missing data
   1   (0.461) 0.333 0.070 0.685 
   3   (0.539) 0.667 0.930 0.315 

Locus 25 : 
2 alleles
0.0% missing data
   1   (0.838) 0.672 0.999 0.975 
   3   (0.162) 0.328 0.001 0.025 

Locus 26 : 
2 alleles
0.0% missing data
   3   (0.785) 0.922 0.993 0.949 
   2   (0.215) 0.078 0.007 0.051 

Locus 27 : 
2 alleles
0.4% missing data
   4   (0.391) 0.160 0.038 0.560 
   2   (0.609) 0.840 0.962 0.440 

Locus 28 : 
2 alleles
0.0% missing data
   4   (0.428) 0.654 0.005 0.769 
   2   (0.572) 0.346 0.995 0.231 

Locus 29 : 
2 alleles
0.0% missing data
   3   (0.775) 0.939 0.996 0.892 
   1   (0.225) 0.061 0.004 0.108 

Locus 30 : 
2 alleles
0.9% missing data
   3   (0.360) 0.993 0.002 0.109 
   1   (0.640) 0.007 0.998 0.891 

Locus 31 : 
2 alleles
0.4% missing data
   2   (0.223) 0.968 0.002 0.018 
   4   (0.777) 0.032 0.998 0.982 

Locus 32 : 
2 alleles
0.4% missing data
   1   (0.811) 0.967 0.996 0.938 
   3   (0.189) 0.033 0.004 0.062 

Locus 33 : 
2 alleles
0.0% missing data
   4   (0.404) 0.660 0.003 0.754 
   2   (0.596) 0.340 0.997 0.246 

Locus 34 : 
2 alleles
0.0% missing data
   2   (0.785) 0.919 0.998 0.843 
   4   (0.215) 0.081 0.002 0.157 

Locus 35 : 
2 alleles
0.9% missing data
   4   (0.483) 0.900 0.005 0.797 
   1   (0.517) 0.100 0.995 0.203 

Locus 36 : 
2 alleles
0.0% missing data
   3   (0.713) 0.921 0.986 0.767 
   2   (0.287) 0.079 0.014 0.233 

Locus 37 : 
2 alleles
0.0% missing data
   4   (0.716) 0.965 0.941 0.836 
   2   (0.284) 0.035 0.059 0.164 

Locus 38 : 
2 alleles
0.0% missing data
   1   (0.644) 0.784 0.899 0.776 
   3   (0.356) 0.216 0.101 0.224 

Locus 39 : 
2 alleles
0.0% missing data
   4   (0.230) 0.922 0.002 0.033 
   2   (0.770) 0.078 0.998 0.967 

Locus 40 : 
2 alleles
1.3% missing data
   3   (0.714) 0.840 0.992 0.679 
   1   (0.286) 0.160 0.008 0.321 

Locus 41 : 
2 alleles
0.0% missing data
   1   (0.765) 0.936 0.996 0.825 
   3   (0.235) 0.064 0.004 0.175 

Locus 42 : 
2 alleles
0.0% missing data
   1   (0.807) 0.942 0.995 0.960 
   2   (0.193) 0.058 0.005 0.040 

Locus 43 : 
2 alleles
0.9% missing data
   1   (0.838) 0.997 0.996 0.841 
   3   (0.162) 0.003 0.004 0.159 

Locus 44 : 
2 alleles
0.0% missing data
   3   (0.757) 0.936 0.996 0.765 
   1   (0.243) 0.064 0.004 0.235 

Locus 45 : 
2 alleles
0.0% missing data
   3   (0.702) 0.988 0.206 0.878 
   1   (0.298) 0.012 0.794 0.122 

Locus 46 : 
2 alleles
0.0% missing data
   4   (0.867) 0.999 0.528 0.994 
   2   (0.133) 0.001 0.472 0.006 

Locus 47 : 
2 alleles
0.9% missing data
   4   (0.831) 0.994 0.805 0.983 
   3   (0.169) 0.006 0.195 0.017 

Locus 48 : 
2 alleles
0.0% missing data
   2   (0.756) 0.958 0.612 0.975 
   4   (0.244) 0.042 0.388 0.025 

Locus 49 : 
2 alleles
0.0% missing data
   3   (0.539) 0.937 0.130 0.537 
   1   (0.461) 0.063 0.870 0.463 

Locus 50 : 
2 alleles
0.4% missing data
   2   (0.465) 0.587 0.087 0.542 
   4   (0.535) 0.413 0.913 0.458 

Locus 51 : 
2 alleles
0.0% missing data
   1   (0.697) 0.898 0.867 0.891 
   3   (0.303) 0.102 0.133 0.109 

Locus 52 : 
2 alleles
0.0% missing data
   2   (0.882) 0.999 0.873 0.995 
   4   (0.118) 0.001 0.127 0.005 

Locus 53 : 
2 alleles
0.9% missing data
   1   (0.594) 0.988 0.048 0.565 
   3   (0.406) 0.012 0.952 0.435 

Locus 54 : 
2 alleles
0.0% missing data
   3   (0.707) 0.941 0.666 0.922 
   1   (0.293) 0.059 0.334 0.078 

Locus 55 : 
2 alleles
0.0% missing data
   2   (0.618) 0.935 0.278 0.794 
   4   (0.382) 0.065 0.722 0.206 

Locus 56 : 
2 alleles
0.0% missing data
   3   (0.722) 0.904 0.683 0.956 
   2   (0.278) 0.096 0.317 0.044 

Locus 57 : 
2 alleles
0.0% missing data
   2   (0.747) 0.874 0.983 0.927 
   1   (0.253) 0.126 0.017 0.073 

Locus 58 : 
2 alleles
0.0% missing data
   2   (0.763) 0.970 0.910 0.954 
   4   (0.237) 0.030 0.090 0.046 

Locus 59 : 
2 alleles
0.9% missing data
   3   (0.853) 0.999 0.342 0.989 
   4   (0.147) 0.001 0.658 0.011 

Locus 60 : 
2 alleles
0.0% missing data
   3   (0.796) 0.991 0.702 0.975 
   1   (0.204) 0.009 0.298 0.025 

Locus 61 : 
2 alleles
0.0% missing data
   2   (0.592) 0.827 0.084 0.879 
   4   (0.408) 0.173 0.916 0.121 

Locus 62 : 
2 alleles
0.0% missing data
   4   (0.546) 0.615 0.231 0.755 
   3   (0.454) 0.385 0.769 0.245 

Locus 63 : 
2 alleles
0.0% missing data
   3   (0.680) 0.950 0.591 0.889 
   1   (0.320) 0.050 0.409 0.111 

Locus 64 : 
2 alleles
0.4% missing data
   2   (0.568) 0.963 0.010 0.849 
   4   (0.432) 0.037 0.990 0.151 

Locus 65 : 
2 alleles
0.4% missing data
   2   (0.654) 0.807 0.951 0.752 
   4   (0.346) 0.193 0.049 0.248 

Locus 66 : 
2 alleles
0.0% missing data
   2   (0.758) 0.981 0.715 0.955 
   1   (0.242) 0.019 0.285 0.045 

Locus 67 : 
2 alleles
0.4% missing data
   3   (0.737) 0.972 0.651 0.949 
   1   (0.263) 0.028 0.349 0.051 

Locus 68 : 
2 alleles
0.4% missing data
   3   (0.782) 0.973 0.658 0.984 
   1   (0.218) 0.027 0.342 0.016 

Locus 69 : 
2 alleles
0.4% missing data
   2   (0.877) 0.999 0.756 0.995 
   1   (0.123) 0.001 0.244 0.005 

Locus 70 : 
2 alleles
0.0% missing data
   2   (0.632) 0.903 0.637 0.774 
   1   (0.368) 0.097 0.363 0.226 

Locus 71 : 
2 alleles
0.4% missing data
   4   (0.816) 0.992 0.779 0.987 
   2   (0.184) 0.008 0.221 0.013 

Locus 72 : 
2 alleles
0.0% missing data
   1   (0.332) 0.133 0.715 0.067 
   4   (0.668) 0.867 0.285 0.933 

Locus 73 : 
2 alleles
2.2% missing data
   2   (0.702) 0.953 0.746 0.894 
   4   (0.298) 0.047 0.254 0.106 

Locus 74 : 
2 alleles
0.4% missing data
   4   (0.781) 0.933 0.997 0.872 
   2   (0.219) 0.067 0.003 0.128 

Locus 75 : 
2 alleles
0.0% missing data
   4   (0.427) 0.267 0.126 0.499 
   2   (0.573) 0.733 0.874 0.501 

Locus 76 : 
2 alleles
0.4% missing data
   2   (0.696) 0.944 0.519 0.920 
   3   (0.304) 0.056 0.481 0.080 

Locus 77 : 
2 alleles
0.0% missing data
   2   (0.546) 0.990 0.010 0.586 
   4   (0.454) 0.010 0.990 0.414 

Locus 78 : 
2 alleles
0.4% missing data
   3   (0.702) 0.964 0.810 0.877 
   1   (0.298) 0.036 0.190 0.123 

Locus 79 : 
2 alleles
0.0% missing data
   4   (0.753) 0.934 0.784 0.972 
   2   (0.247) 0.066 0.216 0.028 

Locus 80 : 
2 alleles
0.4% missing data
   4   (0.526) 0.571 0.722 0.481 
   3   (0.474) 0.429 0.278 0.519 

Locus 81 : 
2 alleles
0.4% missing data
   1   (0.857) 0.999 0.516 0.991 
   3   (0.143) 0.001 0.484 0.009 

Locus 82 : 
2 alleles
0.4% missing data
   2   (0.714) 0.982 0.734 0.873 
   4   (0.286) 0.018 0.266 0.127 

Locus 83 : 
2 alleles
0.4% missing data
   4   (0.641) 0.838 0.322 0.898 
   3   (0.359) 0.162 0.678 0.102 

Locus 84 : 
2 alleles
0.0% missing data
   1   (0.821) 0.994 0.501 0.988 
   3   (0.179) 0.006 0.499 0.012 

Locus 85 : 
2 alleles
0.0% missing data
   2   (0.591) 0.607 0.931 0.603 
   3   (0.409) 0.393 0.069 0.397 

Locus 86 : 
2 alleles
0.9% missing data
   2   (0.785) 0.134 0.999 0.956 
   4   (0.215) 0.866 0.001 0.044 

Locus 87 : 
2 alleles
0.4% missing data
   3   (0.307) 0.987 0.005 0.037 
   1   (0.693) 0.013 0.995 0.963 

Locus 88 : 
2 alleles
0.0% missing data
   3   (0.876) 0.999 0.745 0.995 
   2   (0.124) 0.001 0.255 0.005 

Locus 89 : 
2 alleles
0.0% missing data
   3   (0.781) 0.998 0.457 0.933 
   2   (0.219) 0.002 0.543 0.067 

Locus 90 : 
2 alleles
0.0% missing data
   4   (0.691) 0.952 0.324 0.929 
   2   (0.309) 0.048 0.676 0.071 

Locus 91 : 
2 alleles
0.4% missing data
   1   (0.789) 0.996 0.705 0.946 
   3   (0.211) 0.004 0.295 0.054 

Locus 92 : 
2 alleles
0.0% missing data
   2   (0.657) 0.949 0.158 0.896 
   4   (0.343) 0.051 0.842 0.104 

Locus 93 : 
2 alleles
0.4% missing data
   2   (0.696) 0.923 0.911 0.859 
   4   (0.304) 0.077 0.089 0.141 

Locus 94 : 
2 alleles
0.0% missing data
   3   (0.679) 0.881 0.612 0.903 
   1   (0.321) 0.119 0.388 0.097 

Locus 95 : 
2 alleles
0.0% missing data
   4   (0.668) 0.951 0.533 0.855 
   2   (0.332) 0.049 0.467 0.145 

Locus 96 : 
2 alleles
1.8% missing data
   2   (0.812) 0.987 0.484 0.990 
   4   (0.188) 0.013 0.516 0.010 

Values of parameters used in structure:
DATAFILE=96snps_breeding.str,	OUTFILE=K3.1,	NUMINDS=223,	NUMLOCI=96,	MISSING=-9,	LABEL=1,	POPDATA=1,	POPFLAG=0,	PHENOTYPE=0,	EXTRACOLS=0,	MAXPOPS=3,	BURNIN=20000,	NUMREPS=50000,	USEPOPINFO=0,	INFERALPHA=1,	INFERLAMBDA=0,	POPSPECIFICLAMBDA=0,	POPALPHAS=0,	COMPUTEPROB=1,	NOADMIX=0,	ADMBURNIN=500,	UPDATEFREQ=100,	PRINTLIKES=0,	INTERMEDSAVE=0,	PRINTKLD=0,	PRINTNET=1,	PRINTLAMBDA=1,	ANCESTDIST=0,	NUMBOXES=1000,	ANCESTPINT=0.90000,	GENSBACK=2,	MIGRPRIOR=0.01000,	PRINTQHAT=0,	PRINTQSUM=1,	ALPHA=1.0000,	FREQSCORR=1,	FPRIORMEAN=0.0100,	FPRIORSD=0.0500,	ONEFST=0,	LAMBDA=1.0000,	UNIFPRIORALPHA=1,	ALPHAMAX=10.0000,	ALPHAPRIORA=1.0000,	ALPHAPRIORB=2.0000,	ALPHAPROPSD=0.0250,	STARTATPOPINFO=0,	RANDOMIZE=1,	LINKAGE=0,	METROFREQ=10,	REPORTHITRATE=0,	MARKOVPHASE=0,	PHASED=0,	PLOIDY=2,	PHASEINFO=0	LOCPRIOR=0, 	LOCPRIORINIT=1.000000, 	LOCDATA=0, 	LOCISPOP=1, 	LOCPRIORSTEP=0.100000, 	MAXLOCPRIOR=20.000000, 	SEED=1493847619,	
[STRAT parameters]:    NUMSIMSTATS=1000,	PHENOTYPECOL=-9,	POOLFREQ=10,	LOCUSxONLY=0,	EMERROR=0.00100,	MISSINGPHENO=-9,	