

----------------------------------------------------
STRUCTURE by Pritchard, Stephens and Donnelly (2000)
     and Falush, Stephens and Pritchard (2003)
       Code by Pritchard, Falush and Hubisz
             Version 2.3.4 (Jul 2012)
----------------------------------------------------



Command line arguments:   /Users/Rachael/Documents/programs/structure/structure -K 3 -o K3.2 
Input File:    96snps_breeding.str

Run parameters:
   223 individuals
   96 loci
   3 populations assumed
   20000 Burn-in period
   50000 Reps


--------------------------------------------
Proportion of membership of each pre-defined
 population in each of the 3 clusters

Given    Inferred Clusters       Number of
 Pop       1      2      3      Individuals

  1:     0.326  0.655  0.018       12
  2:     0.305  0.670  0.025        9
  3:     0.009  0.979  0.012        8
  4:     0.125  0.828  0.047       20
  5:     0.015  0.007  0.978        6
  6:     0.190  0.080  0.729       12
  7:     0.005  0.022  0.973       11
  8:     0.089  0.024  0.887       17
  9:     0.224  0.091  0.685       11
 10:     0.147  0.756  0.097       22
 11:     0.006  0.004  0.990        7
 12:     0.031  0.085  0.884        5
 13:     0.140  0.839  0.022       10
 14:     0.020  0.008  0.972       17
 15:     0.042  0.018  0.940        9
 16:     0.084  0.910  0.007        1
 17:     0.026  0.964  0.010        9
 18:     0.032  0.063  0.904        8
 20:     0.180  0.794  0.026       12
 21:     0.110  0.884  0.006       17
--------------------------------------------

Allele-freq. divergence among pops (Net nucleotide distance),
computed using point estimates of P.

      1       2       3      
 1      -    0.0829  0.1310  
 2   0.0829     -    0.2216  
 3   0.1310  0.2216     -    

Average distances (expected heterozygosity) between individuals in same cluster:
cluster  1  : 0.2058 
cluster  2  : 0.1576 
cluster  3  : 0.2007 

--------------------------------------------
Estimated Ln Prob of Data   = -14111.4
Mean value of ln likelihood = -13965.4
Variance of ln likelihood   = 292.0
Mean value of alpha         = 0.1263

Mean value of Fst_1         = 0.3452
Mean value of Fst_2         = 0.4505
Mean value of Fst_3         = 0.4977


Inferred ancestry of individuals:
        Label (%Miss) Pop:  Inferred clusters
  1  96N0117    (2)    1 :  0.435 0.487 0.078 
  2  97N6723   (10)    1 :  0.164 0.808 0.028 
  3  97N5321    (0)    1 :  0.230 0.766 0.004 
  4  97N5322    (0)    1 :  0.010 0.988 0.002 
  5  97N5323    (0)    1 :  0.504 0.485 0.011 
  6  97N5324    (6)    1 :  0.033 0.958 0.009 
  7  97N5325    (0)    1 :  0.016 0.981 0.003 
  8  97N5327    (0)    1 :  0.694 0.293 0.013 
  9  97N5328    (0)    1 :  0.533 0.440 0.027 
 10  97N5329    (1)    1 :  0.600 0.385 0.015 
 11  97N5330    (0)    1 :  0.151 0.828 0.021 
 12  97N5331    (6)    1 :  0.548 0.445 0.007 
 13 07N13314    (0)    3 :  0.005 0.992 0.003 
 14 07N13315    (0)    3 :  0.006 0.991 0.003 
 15 07N13316    (0)    3 :  0.007 0.976 0.016 
 16 07N13317    (0)    3 :  0.005 0.992 0.003 
 17 07N13545    (0)    3 :  0.007 0.989 0.005 
 18 07N13546    (0)    3 :  0.009 0.946 0.045 
 19 07N13547    (0)    3 :  0.016 0.977 0.008 
 20 07N13548    (0)    3 :  0.013 0.973 0.014 
 21  05N4604    (0)    4 :  0.376 0.616 0.008 
 22  05N4605    (0)    4 :  0.007 0.982 0.011 
 23  05N4607    (0)    4 :  0.343 0.648 0.009 
 24  05N4608    (0)    4 :  0.031 0.935 0.034 
 25  05N4610   (12)    4 :  0.214 0.749 0.037 
 26  05N4624    (0)    4 :  0.006 0.991 0.003 
 27  05N4625    (0)    4 :  0.315 0.676 0.009 
 28  05N4627    (0)    4 :  0.006 0.990 0.004 
 29  05N4628    (2)    4 :  0.279 0.512 0.209 
 30  09N1347    (0)    4 :  0.026 0.738 0.236 
 31  09N1348    (1)    4 :  0.012 0.867 0.121 
 32  01N7123    (1)    4 :  0.008 0.989 0.002 
 33  01N7124    (0)    4 :  0.009 0.987 0.004 
 34  01N7125    (0)    4 :  0.011 0.898 0.091 
 35  01N7126    (0)    4 :  0.165 0.829 0.006 
 36  01N7127    (1)    4 :  0.173 0.714 0.113 
 37  01N7128    (0)    4 :  0.022 0.973 0.005 
 38  01N7129    (0)    4 :  0.175 0.811 0.014 
 39  01N7130    (0)    4 :  0.081 0.909 0.009 
 40  13N0516    (0)    4 :  0.248 0.738 0.014 
 41  02N9746    (0)    5 :  0.032 0.014 0.954 
 42 06N29507    (0)    5 :  0.022 0.009 0.970 
 43 06N29508    (0)    5 :  0.010 0.005 0.984 
 44 07N21016    (0)    5 :  0.005 0.003 0.992 
 45 07N21027    (2)    5 :  0.017 0.007 0.976 
 46 07N34099    (0)    5 :  0.004 0.003 0.993 
 47  99N0522    (0)   18 :  0.148 0.022 0.830 
 48  99N0524    (0)   18 :  0.020 0.007 0.972 
 49  99N0525    (0)   18 :  0.005 0.003 0.991 
 50  99N0526    (0)   18 :  0.049 0.013 0.937 
 51  99N0527    (1)   18 :  0.005 0.276 0.720 
 52  99N0528    (0)   18 :  0.015 0.008 0.977 
 53  99N0529    (0)   18 :  0.006 0.170 0.823 
 54  99N0530    (0)   18 :  0.009 0.007 0.984 
 55     7038    (1)   11 :  0.015 0.006 0.979 
 56 07N18309    (0)   12 :  0.009 0.004 0.986 
 57 07N18343    (2)   12 :  0.013 0.377 0.610 
 58 07N18346    (0)   12 :  0.023 0.014 0.963 
 59 07N18356    (0)   12 :  0.058 0.010 0.931 
 60 07N18361    (0)   12 :  0.049 0.021 0.930 
 61  00N5172    (0)   10 :  0.053 0.724 0.223 
 62  00N5173    (0)   10 :  0.055 0.798 0.147 
 63  11N3234    (0)   10 :  0.254 0.643 0.103 
 64  12N2944    (0)   10 :  0.008 0.878 0.114 
 65  00N5171    (0)   10 :  0.193 0.552 0.255 
 66  11N3237    (0)   10 :  0.529 0.418 0.053 
 67  11N3238    (0)   10 :  0.030 0.795 0.175 
 68  11N3239    (0)   10 :  0.010 0.901 0.089 
 69  11N3240    (0)   10 :  0.302 0.682 0.016 
 70  02N2288    (0)   10 :  0.205 0.765 0.030 
 71  02N2289    (1)   10 :  0.007 0.991 0.003 
 72  02N2292    (2)   10 :  0.005 0.968 0.027 
 73  05N5315    (0)   10 :  0.007 0.989 0.004 
 74 03N0775.    (0)   10 :  0.348 0.615 0.037 
 75  03N0776    (0)   10 :  0.054 0.920 0.025 
 76  03N0777    (0)   10 :  0.174 0.820 0.005 
 77  03N0778    (0)   10 :  0.055 0.843 0.103 
 78  03N0782    (0)   10 :  0.008 0.919 0.072 
 79  03N0798    (0)   10 :  0.233 0.649 0.118 
 80  03N6168    (0)   13 :  0.386 0.606 0.008 
 81  03N6169    (0)   13 :  0.007 0.984 0.009 
 82  03N6176    (0)   13 :  0.018 0.934 0.048 
 83  03N6177    (0)   13 :  0.009 0.983 0.008 
 84  03N6178    (0)   13 :  0.367 0.627 0.006 
 85  97N6797    (0)   13 :  0.027 0.942 0.031 
 86  97N6798    (0)   13 :  0.030 0.967 0.003 
 87  97N6799    (0)   13 :  0.084 0.893 0.023 
 88  97N6800    (0)   13 :  0.054 0.874 0.072 
 89  97N6801    (0)   13 :  0.413 0.580 0.007 
 90  97N5259    (0)   14 :  0.019 0.007 0.974 
 91  97N5262    (0)   14 :  0.077 0.033 0.891 
 92  97N5267    (0)   14 :  0.024 0.006 0.970 
 93  97N5268    (0)   14 :  0.016 0.005 0.979 
 94  97N5269    (0)   14 :  0.007 0.007 0.986 
 95  99N0688    (0)   14 :  0.007 0.004 0.989 
 96  00N5322    (1)   14 :  0.007 0.004 0.989 
 97  99N1162    (0)   14 :  0.009 0.005 0.986 
 98  06N4619    (0)   14 :  0.010 0.004 0.986 
 99  06N4628    (0)   14 :  0.005 0.004 0.991 
100  06N4633    (0)   14 :  0.019 0.023 0.958 
101  06N4634    (0)   14 :  0.007 0.003 0.990 
102  06N4635    (0)   14 :  0.089 0.011 0.899 
103  99N1157    (0)   14 :  0.005 0.003 0.992 
104  99N1159    (1)   14 :  0.004 0.003 0.993 
105  99N1160    (0)   14 :  0.006 0.003 0.991 
106  99N1161    (0)   14 :  0.025 0.017 0.958 
107  14N0241    (0)   15 :  0.013 0.031 0.956 
108  14N0242    (0)   15 :  0.005 0.003 0.991 
109  14N0282    (0)   15 :  0.034 0.029 0.936 
110  14N0283    (0)   15 :  0.015 0.061 0.924 
111  14N0284    (0)   15 :  0.136 0.008 0.856 
112  14N0285    (0)   15 :  0.046 0.007 0.947 
113  14N0286    (0)   15 :  0.011 0.004 0.985 
114  15N0132    (0)   15 :  0.028 0.009 0.962 
115  15N0192    (0)   15 :  0.088 0.010 0.902 
116  08N1182    (0)   16 :  0.084 0.910 0.007 
117     7039    (0)   11 :  0.003 0.002 0.995 
118  02N8790    (0)    8 :  0.144 0.017 0.839 
119  02N8792    (0)    8 :  0.052 0.010 0.938 
120  02N8801    (1)    8 :  0.052 0.008 0.940 
121  02N8803    (0)    8 :  0.020 0.006 0.974 
122  02N8805    (0)    8 :  0.004 0.216 0.780 
123  02N8807    (0)    8 :  0.033 0.007 0.960 
124  02N8811    (0)    8 :  0.017 0.007 0.975 
125  02N8816    (0)    8 :  0.222 0.008 0.771 
126  02N8827    (0)    8 :  0.008 0.004 0.988 
127  02N8829    (1)    8 :  0.038 0.013 0.949 
128 08N23341    (0)    8 :  0.076 0.028 0.896 
129  05N8693    (0)   17 :  0.007 0.988 0.005 
130  06N0762    (0)   17 :  0.059 0.918 0.023 
131  06N1404    (0)   17 :  0.030 0.965 0.005 
132  06N1475    (0)   17 :  0.081 0.888 0.031 
133  07N1314    (0)   17 :  0.006 0.991 0.003 
134  08N1304    (0)   17 :  0.009 0.984 0.007 
135  08N1379    (0)   17 :  0.021 0.974 0.005 
136  08N1663    (0)   17 :  0.007 0.990 0.004 
137  08N1665    (0)   17 :  0.016 0.975 0.008 
138  00N5479    (0)    7 :  0.003 0.002 0.995 
139  00N5480    (0)    7 :  0.017 0.014 0.969 
140  00N5481    (0)    7 :  0.004 0.003 0.994 
141  00N5482    (0)    7 :  0.003 0.002 0.995 
142  00N5483    (0)    7 :  0.005 0.003 0.991 
143  00N5484    (0)    7 :  0.003 0.002 0.995 
144  00N5485    (0)    7 :  0.003 0.198 0.799 
145  00N5486    (0)    7 :  0.004 0.003 0.992 
146 08N22058    (0)    7 :  0.010 0.004 0.986 
147 10N16953    (0)    7 :  0.004 0.003 0.992 
148 10N16968    (0)    7 :  0.003 0.002 0.995 
149  96N0277    (0)   20 :  0.105 0.887 0.008 
150  96N0278    (0)   20 :  0.008 0.987 0.005 
151  96N0279    (0)   20 :  0.040 0.829 0.132 
152  96N0280    (0)   20 :  0.243 0.749 0.008 
153  96N0281    (0)   20 :  0.074 0.912 0.013 
154  96N0282    (0)   20 :  0.463 0.531 0.006 
155  96N0283    (0)   20 :  0.008 0.958 0.034 
156  96N0284    (0)   20 :  0.248 0.688 0.063 
157  96N0285    (0)   20 :  0.274 0.700 0.026 
158  96N0291    (0)   20 :  0.008 0.989 0.003 
159  96N0299    (0)   20 :  0.444 0.551 0.006 
160  96N0300    (0)   20 :  0.238 0.752 0.010 
161  01N4476    (0)    6 :  0.222 0.025 0.754 
162  01N4477    (0)    6 :  0.512 0.027 0.461 
163  02N1415    (0)    6 :  0.252 0.034 0.714 
164  02N1416    (0)    6 :  0.215 0.009 0.775 
165  02N1417    (0)    6 :  0.286 0.014 0.700 
166  02N1418    (1)    6 :  0.155 0.030 0.815 
167  02N1419    (0)    6 :  0.243 0.013 0.745 
168  02N1420    (2)    6 :  0.017 0.374 0.609 
169  02N1421    (0)    6 :  0.014 0.305 0.681 
170  02N1422    (0)    6 :  0.197 0.082 0.721 
171  97N6629    (0)    6 :  0.148 0.043 0.808 
172  97N6628    (0)    6 :  0.022 0.008 0.971 
173 06N35383    (0)   21 :  0.467 0.529 0.004 
174 09N17890    (0)   21 :  0.010 0.988 0.002 
175 09N18315    (0)   21 :  0.020 0.975 0.005 
176 10N16477    (0)   21 :  0.007 0.991 0.002 
177 10N16478    (0)   21 :  0.013 0.984 0.003 
178  02N1139    (0)   21 :  0.023 0.968 0.009 
179  02N1140    (0)   21 :  0.015 0.978 0.007 
180  03N4284    (0)   21 :  0.015 0.978 0.007 
181  03N6131    (0)   21 :  0.012 0.962 0.026 
182  03N6132    (0)   21 :  0.321 0.675 0.003 
183  04N7586    (0)   21 :  0.007 0.989 0.003 
184  04N7587    (0)   21 :  0.013 0.985 0.002 
185  04N7588    (0)   21 :  0.013 0.985 0.002 
186  05N5632    (0)   21 :  0.024 0.956 0.020 
187 09N17508    (0)   21 :  0.009 0.989 0.002 
188  97N6283    (0)   21 :  0.415 0.580 0.005 
189  97N6284    (0)   21 :  0.479 0.518 0.003 
190 07N28554    (0)    9 :  0.162 0.007 0.831 
191 07N28571    (0)    9 :  0.067 0.111 0.822 
192 07N28591    (0)    9 :  0.436 0.011 0.553 
193 07N28640    (0)    9 :  0.412 0.015 0.573 
194 07N28922    (0)    9 :  0.008 0.181 0.811 
195 08N21408    (0)    9 :  0.261 0.008 0.731 
196 08N21409    (0)    9 :  0.310 0.017 0.674 
197 08N21430    (0)    9 :  0.019 0.306 0.675 
198 08N21435    (0)    9 :  0.629 0.020 0.350 
199 08N21446    (0)    9 :  0.146 0.007 0.847 
200 08N21938    (0)    9 :  0.013 0.320 0.668 
201     7040    (0)   11 :  0.013 0.008 0.979 
202  98N3510    (0)    8 :  0.271 0.011 0.718 
203  98N3517    (0)    8 :  0.045 0.009 0.946 
204  98N3518    (0)    8 :  0.168 0.024 0.808 
205  98N3519    (0)    8 :  0.051 0.010 0.939 
206  98N3520    (0)    8 :  0.155 0.011 0.834 
207  98N3521    (0)    8 :  0.158 0.013 0.829 
208  00N5114    (0)   10 :  0.132 0.526 0.342 
209  00N5115    (0)   10 :  0.018 0.820 0.162 
210  00N5116    (0)   10 :  0.544 0.415 0.041 
211     3101    (0)    2 :  0.042 0.954 0.005 
212     3102    (0)    2 :  0.722 0.267 0.011 
213     3103    (1)    2 :  0.415 0.556 0.029 
214     3104    (0)    2 :  0.013 0.975 0.012 
215     3105    (0)    2 :  0.474 0.520 0.006 
216     3106    (0)    2 :  0.540 0.449 0.011 
217     3107    (0)    2 :  0.030 0.956 0.015 
218     3108    (0)    2 :  0.011 0.972 0.017 
219     3109    (0)    2 :  0.502 0.382 0.116 
220     7037    (0)   11 :  0.004 0.003 0.993 
221     7042    (1)   11 :  0.004 0.003 0.994 
222     7043    (0)   11 :  0.003 0.002 0.994 
223     7044    (0)   11 :  0.003 0.002 0.995 


Estimated Allele Frequencies in each cluster
First column gives estimated ancestral frequencies


Locus 1 : 
2 alleles
0.9% missing data
   3   (0.680) 0.960 0.820 0.239 
   4   (0.320) 0.040 0.180 0.761 

Locus 2 : 
2 alleles
0.0% missing data
   3   (0.725) 0.950 0.817 0.901 
   1   (0.275) 0.050 0.183 0.099 

Locus 3 : 
2 alleles
0.0% missing data
   1   (0.812) 0.982 0.154 0.999 
   4   (0.188) 0.018 0.846 0.001 

Locus 4 : 
2 alleles
0.0% missing data
   3   (0.779) 0.819 0.921 0.998 
   1   (0.221) 0.181 0.079 0.002 

Locus 5 : 
2 alleles
0.0% missing data
   2   (0.759) 0.909 0.900 0.991 
   4   (0.241) 0.091 0.100 0.009 

Locus 6 : 
2 alleles
0.4% missing data
   3   (0.804) 0.918 0.994 0.983 
   1   (0.196) 0.082 0.006 0.017 

Locus 7 : 
2 alleles
1.8% missing data
   4   (0.542) 0.588 0.563 0.668 
   2   (0.458) 0.412 0.437 0.332 

Locus 8 : 
2 alleles
0.0% missing data
   1   (0.519) 0.508 0.990 0.009 
   3   (0.481) 0.492 0.010 0.991 

Locus 9 : 
2 alleles
0.0% missing data
   3   (0.830) 0.969 0.980 0.995 
   1   (0.170) 0.031 0.020 0.005 

Locus 10 : 
2 alleles
0.0% missing data
   1   (0.469) 0.230 0.994 0.007 
   4   (0.531) 0.770 0.006 0.993 

Locus 11 : 
2 alleles
0.0% missing data
   3   (0.698) 0.798 0.863 0.981 
   1   (0.302) 0.202 0.137 0.019 

Locus 12 : 
2 alleles
0.0% missing data
   1   (0.684) 0.930 0.781 0.653 
   3   (0.316) 0.070 0.219 0.347 

Locus 13 : 
2 alleles
1.3% missing data
   2   (0.825) 0.977 0.983 0.989 
   4   (0.175) 0.023 0.017 0.011 

Locus 14 : 
2 alleles
0.0% missing data
   2   (0.751) 0.898 0.824 0.995 
   1   (0.249) 0.102 0.176 0.005 

Locus 15 : 
2 alleles
0.0% missing data
   1   (0.250) 0.022 0.983 0.002 
   2   (0.750) 0.978 0.017 0.998 

Locus 16 : 
2 alleles
0.0% missing data
   1   (0.806) 0.809 0.983 0.999 
   3   (0.194) 0.191 0.017 0.001 

Locus 17 : 
2 alleles
0.0% missing data
   2   (0.583) 0.369 0.563 0.980 
   4   (0.417) 0.631 0.437 0.020 

Locus 18 : 
2 alleles
0.0% missing data
   2   (0.774) 0.884 0.918 0.995 
   4   (0.226) 0.116 0.082 0.005 

Locus 19 : 
2 alleles
0.9% missing data
   3   (0.694) 0.845 0.903 0.945 
   1   (0.306) 0.155 0.097 0.055 

Locus 20 : 
2 alleles
0.0% missing data
   4   (0.736) 0.885 0.938 0.982 
   2   (0.264) 0.115 0.062 0.018 

Locus 21 : 
2 alleles
0.0% missing data
   2   (0.702) 0.903 0.838 0.932 
   4   (0.298) 0.097 0.162 0.068 

Locus 22 : 
2 alleles
0.0% missing data
   2   (0.829) 0.964 0.720 0.999 
   4   (0.171) 0.036 0.280 0.001 

Locus 23 : 
2 alleles
0.9% missing data
   2   (0.762) 0.907 0.940 0.984 
   4   (0.238) 0.093 0.060 0.016 

Locus 24 : 
2 alleles
0.0% missing data
   1   (0.455) 0.677 0.334 0.071 
   3   (0.545) 0.323 0.666 0.929 

Locus 25 : 
2 alleles
0.0% missing data
   1   (0.841) 0.976 0.671 0.999 
   3   (0.159) 0.024 0.329 0.001 

Locus 26 : 
2 alleles
0.0% missing data
   3   (0.787) 0.949 0.922 0.993 
   2   (0.213) 0.051 0.078 0.007 

Locus 27 : 
2 alleles
0.4% missing data
   4   (0.390) 0.562 0.159 0.038 
   2   (0.610) 0.438 0.841 0.962 

Locus 28 : 
2 alleles
0.0% missing data
   4   (0.430) 0.772 0.654 0.005 
   2   (0.570) 0.228 0.346 0.995 

Locus 29 : 
2 alleles
0.0% missing data
   3   (0.774) 0.890 0.939 0.996 
   1   (0.226) 0.110 0.061 0.004 

Locus 30 : 
2 alleles
0.9% missing data
   3   (0.368) 0.113 0.993 0.002 
   1   (0.632) 0.887 0.007 0.998 

Locus 31 : 
2 alleles
0.4% missing data
   2   (0.228) 0.018 0.969 0.002 
   4   (0.772) 0.982 0.031 0.998 

Locus 32 : 
2 alleles
0.4% missing data
   1   (0.810) 0.938 0.967 0.996 
   3   (0.190) 0.062 0.033 0.004 

Locus 33 : 
2 alleles
0.0% missing data
   4   (0.403) 0.757 0.660 0.003 
   2   (0.597) 0.243 0.340 0.997 

Locus 34 : 
2 alleles
0.0% missing data
   2   (0.782) 0.843 0.920 0.998 
   4   (0.218) 0.157 0.080 0.002 

Locus 35 : 
2 alleles
0.9% missing data
   4   (0.478) 0.800 0.900 0.005 
   1   (0.522) 0.200 0.100 0.995 

Locus 36 : 
2 alleles
0.0% missing data
   3   (0.712) 0.769 0.920 0.986 
   2   (0.288) 0.231 0.080 0.014 

Locus 37 : 
2 alleles
0.0% missing data
   4   (0.711) 0.832 0.966 0.941 
   2   (0.289) 0.168 0.034 0.059 

Locus 38 : 
2 alleles
0.0% missing data
   1   (0.638) 0.775 0.784 0.899 
   3   (0.362) 0.225 0.216 0.101 

Locus 39 : 
2 alleles
0.0% missing data
   4   (0.238) 0.036 0.923 0.003 
   2   (0.762) 0.964 0.077 0.997 

Locus 40 : 
2 alleles
1.3% missing data
   3   (0.714) 0.677 0.841 0.992 
   1   (0.286) 0.323 0.159 0.008 

Locus 41 : 
2 alleles
0.0% missing data
   1   (0.762) 0.826 0.936 0.996 
   3   (0.238) 0.174 0.064 0.004 

Locus 42 : 
2 alleles
0.0% missing data
   1   (0.806) 0.961 0.942 0.995 
   2   (0.194) 0.039 0.058 0.005 

Locus 43 : 
2 alleles
0.9% missing data
   1   (0.835) 0.843 0.997 0.995 
   3   (0.165) 0.157 0.003 0.005 

Locus 44 : 
2 alleles
0.0% missing data
   3   (0.755) 0.765 0.937 0.996 
   1   (0.245) 0.235 0.063 0.004 

Locus 45 : 
2 alleles
0.0% missing data
   3   (0.703) 0.884 0.988 0.206 
   1   (0.297) 0.116 0.012 0.794 

Locus 46 : 
2 alleles
0.0% missing data
   4   (0.865) 0.994 0.999 0.528 
   2   (0.135) 0.006 0.001 0.472 

Locus 47 : 
2 alleles
0.9% missing data
   4   (0.828) 0.984 0.994 0.806 
   3   (0.172) 0.016 0.006 0.194 

Locus 48 : 
2 alleles
0.0% missing data
   2   (0.757) 0.976 0.958 0.613 
   4   (0.243) 0.024 0.042 0.387 

Locus 49 : 
2 alleles
0.0% missing data
   3   (0.538) 0.539 0.937 0.129 
   1   (0.462) 0.461 0.063 0.871 

Locus 50 : 
2 alleles
0.4% missing data
   2   (0.462) 0.539 0.587 0.087 
   4   (0.538) 0.461 0.413 0.913 

Locus 51 : 
2 alleles
0.0% missing data
   1   (0.697) 0.893 0.898 0.867 
   3   (0.303) 0.107 0.102 0.133 

Locus 52 : 
2 alleles
0.0% missing data
   2   (0.881) 0.995 0.999 0.873 
   4   (0.119) 0.005 0.001 0.127 

Locus 53 : 
2 alleles
0.9% missing data
   1   (0.593) 0.569 0.987 0.048 
   3   (0.407) 0.431 0.013 0.952 

Locus 54 : 
2 alleles
0.0% missing data
   3   (0.705) 0.920 0.941 0.666 
   1   (0.295) 0.080 0.059 0.334 

Locus 55 : 
2 alleles
0.0% missing data
   2   (0.617) 0.791 0.936 0.279 
   4   (0.383) 0.209 0.064 0.721 

Locus 56 : 
2 alleles
0.0% missing data
   3   (0.720) 0.955 0.904 0.683 
   2   (0.280) 0.045 0.096 0.317 

Locus 57 : 
2 alleles
0.0% missing data
   2   (0.746) 0.928 0.873 0.983 
   1   (0.254) 0.072 0.127 0.017 

Locus 58 : 
2 alleles
0.0% missing data
   2   (0.761) 0.954 0.970 0.910 
   4   (0.239) 0.046 0.030 0.090 

Locus 59 : 
2 alleles
0.9% missing data
   3   (0.852) 0.990 0.999 0.342 
   4   (0.148) 0.010 0.001 0.658 

Locus 60 : 
2 alleles
0.0% missing data
   3   (0.793) 0.975 0.991 0.703 
   1   (0.207) 0.025 0.009 0.297 

Locus 61 : 
2 alleles
0.0% missing data
   2   (0.594) 0.881 0.827 0.084 
   4   (0.406) 0.119 0.173 0.916 

Locus 62 : 
2 alleles
0.0% missing data
   4   (0.547) 0.759 0.615 0.231 
   3   (0.453) 0.241 0.385 0.769 

Locus 63 : 
2 alleles
0.0% missing data
   3   (0.682) 0.894 0.949 0.590 
   1   (0.318) 0.106 0.051 0.410 

Locus 64 : 
2 alleles
0.4% missing data
   2   (0.569) 0.858 0.963 0.010 
   4   (0.431) 0.142 0.037 0.990 

Locus 65 : 
2 alleles
0.4% missing data
   2   (0.649) 0.748 0.808 0.951 
   4   (0.351) 0.252 0.192 0.049 

Locus 66 : 
2 alleles
0.0% missing data
   2   (0.757) 0.954 0.981 0.716 
   1   (0.243) 0.046 0.019 0.284 

Locus 67 : 
2 alleles
0.4% missing data
   3   (0.735) 0.951 0.972 0.650 
   1   (0.265) 0.049 0.028 0.350 

Locus 68 : 
2 alleles
0.4% missing data
   3   (0.782) 0.985 0.972 0.658 
   1   (0.218) 0.015 0.028 0.342 

Locus 69 : 
2 alleles
0.4% missing data
   2   (0.877) 0.995 0.999 0.756 
   1   (0.123) 0.005 0.001 0.244 

Locus 70 : 
2 alleles
0.0% missing data
   2   (0.631) 0.769 0.904 0.637 
   1   (0.369) 0.231 0.096 0.363 

Locus 71 : 
2 alleles
0.4% missing data
   4   (0.817) 0.988 0.992 0.779 
   2   (0.183) 0.012 0.008 0.221 

Locus 72 : 
2 alleles
0.0% missing data
   1   (0.331) 0.064 0.134 0.715 
   4   (0.669) 0.936 0.866 0.285 

Locus 73 : 
2 alleles
2.2% missing data
   2   (0.704) 0.896 0.952 0.746 
   4   (0.296) 0.104 0.048 0.254 

Locus 74 : 
2 alleles
0.4% missing data
   4   (0.779) 0.868 0.933 0.997 
   2   (0.221) 0.132 0.067 0.003 

Locus 75 : 
2 alleles
0.0% missing data
   4   (0.428) 0.493 0.267 0.126 
   2   (0.572) 0.507 0.733 0.874 

Locus 76 : 
2 alleles
0.4% missing data
   2   (0.701) 0.925 0.943 0.519 
   3   (0.299) 0.075 0.057 0.481 

Locus 77 : 
2 alleles
0.0% missing data
   2   (0.545) 0.590 0.990 0.010 
   4   (0.455) 0.410 0.010 0.990 

Locus 78 : 
2 alleles
0.4% missing data
   3   (0.700) 0.878 0.964 0.810 
   1   (0.300) 0.122 0.036 0.190 

Locus 79 : 
2 alleles
0.0% missing data
   4   (0.752) 0.973 0.934 0.784 
   2   (0.248) 0.027 0.066 0.216 

Locus 80 : 
2 alleles
0.4% missing data
   4   (0.531) 0.492 0.569 0.721 
   3   (0.469) 0.508 0.431 0.279 

Locus 81 : 
2 alleles
0.4% missing data
   1   (0.856) 0.991 0.999 0.516 
   3   (0.144) 0.009 0.001 0.484 

Locus 82 : 
2 alleles
0.4% missing data
   2   (0.712) 0.873 0.982 0.734 
   4   (0.288) 0.127 0.018 0.266 

Locus 83 : 
2 alleles
0.4% missing data
   4   (0.643) 0.903 0.838 0.322 
   3   (0.357) 0.097 0.162 0.678 

Locus 84 : 
2 alleles
0.0% missing data
   1   (0.820) 0.988 0.993 0.501 
   3   (0.180) 0.012 0.007 0.499 

Locus 85 : 
2 alleles
0.0% missing data
   2   (0.593) 0.603 0.607 0.931 
   3   (0.407) 0.397 0.393 0.069 

Locus 86 : 
2 alleles
0.9% missing data
   2   (0.781) 0.954 0.133 0.999 
   4   (0.219) 0.046 0.867 0.001 

Locus 87 : 
2 alleles
0.4% missing data
   3   (0.315) 0.038 0.987 0.005 
   1   (0.685) 0.962 0.013 0.995 

Locus 88 : 
2 alleles
0.0% missing data
   3   (0.874) 0.995 0.999 0.746 
   2   (0.126) 0.005 0.001 0.254 

Locus 89 : 
2 alleles
0.0% missing data
   3   (0.782) 0.935 0.998 0.458 
   2   (0.218) 0.065 0.002 0.542 

Locus 90 : 
2 alleles
0.0% missing data
   4   (0.688) 0.930 0.952 0.324 
   2   (0.312) 0.070 0.048 0.676 

Locus 91 : 
2 alleles
0.4% missing data
   1   (0.786) 0.947 0.996 0.705 
   3   (0.214) 0.053 0.004 0.295 

Locus 92 : 
2 alleles
0.0% missing data
   2   (0.655) 0.897 0.949 0.158 
   4   (0.345) 0.103 0.051 0.842 

Locus 93 : 
2 alleles
0.4% missing data
   2   (0.695) 0.857 0.923 0.911 
   4   (0.305) 0.143 0.077 0.089 

Locus 94 : 
2 alleles
0.0% missing data
   3   (0.678) 0.908 0.880 0.611 
   1   (0.322) 0.092 0.120 0.389 

Locus 95 : 
2 alleles
0.0% missing data
   4   (0.668) 0.856 0.951 0.533 
   2   (0.332) 0.144 0.049 0.467 

Locus 96 : 
2 alleles
1.8% missing data
   2   (0.808) 0.991 0.987 0.484 
   4   (0.192) 0.009 0.013 0.516 

Values of parameters used in structure:
DATAFILE=96snps_breeding.str,	OUTFILE=K3.2,	NUMINDS=223,	NUMLOCI=96,	MISSING=-9,	LABEL=1,	POPDATA=1,	POPFLAG=0,	PHENOTYPE=0,	EXTRACOLS=0,	MAXPOPS=3,	BURNIN=20000,	NUMREPS=50000,	USEPOPINFO=0,	INFERALPHA=1,	INFERLAMBDA=0,	POPSPECIFICLAMBDA=0,	POPALPHAS=0,	COMPUTEPROB=1,	NOADMIX=0,	ADMBURNIN=500,	UPDATEFREQ=100,	PRINTLIKES=0,	INTERMEDSAVE=0,	PRINTKLD=0,	PRINTNET=1,	PRINTLAMBDA=1,	ANCESTDIST=0,	NUMBOXES=1000,	ANCESTPINT=0.90000,	GENSBACK=2,	MIGRPRIOR=0.01000,	PRINTQHAT=0,	PRINTQSUM=1,	ALPHA=1.0000,	FREQSCORR=1,	FPRIORMEAN=0.0100,	FPRIORSD=0.0500,	ONEFST=0,	LAMBDA=1.0000,	UNIFPRIORALPHA=1,	ALPHAMAX=10.0000,	ALPHAPRIORA=1.0000,	ALPHAPRIORB=2.0000,	ALPHAPROPSD=0.0250,	STARTATPOPINFO=0,	RANDOMIZE=1,	LINKAGE=0,	METROFREQ=10,	REPORTHITRATE=0,	MARKOVPHASE=0,	PHASED=0,	PLOIDY=2,	PHASEINFO=0	LOCPRIOR=0, 	LOCPRIORINIT=1.000000, 	LOCDATA=0, 	LOCISPOP=1, 	LOCPRIORSTEP=0.100000, 	MAXLOCPRIOR=20.000000, 	SEED=1493847767,	
[STRAT parameters]:    NUMSIMSTATS=1000,	PHENOTYPECOL=-9,	POOLFREQ=10,	LOCUSxONLY=0,	EMERROR=0.00100,	MISSINGPHENO=-9,	