

----------------------------------------------------
STRUCTURE by Pritchard, Stephens and Donnelly (2000)
     and Falush, Stephens and Pritchard (2003)
       Code by Pritchard, Falush and Hubisz
             Version 2.3.4 (Jul 2012)
----------------------------------------------------



Command line arguments:   /Users/Rachael/Documents/programs/structure/structure -K 3 -o K3.3 
Input File:    96snps_breeding.str

Run parameters:
   223 individuals
   96 loci
   3 populations assumed
   20000 Burn-in period
   50000 Reps


--------------------------------------------
Proportion of membership of each pre-defined
 population in each of the 3 clusters

Given    Inferred Clusters       Number of
 Pop       1      2      3      Individuals

  1:     0.598  0.386  0.017       12
  2:     0.518  0.455  0.027        9
  3:     0.013  0.979  0.008        8
  4:     0.325  0.636  0.039       20
  5:     0.006  0.004  0.990        6
  6:     0.118  0.081  0.800       12
  7:     0.003  0.020  0.977       11
  8:     0.045  0.023  0.932       17
  9:     0.154  0.085  0.760       11
 10:     0.311  0.598  0.091       22
 11:     0.003  0.002  0.994        7
 12:     0.021  0.078  0.901        5
 13:     0.319  0.665  0.015       10
 14:     0.010  0.006  0.984       17
 15:     0.014  0.011  0.975        9
 16:     0.238  0.757  0.005        1
 17:     0.050  0.943  0.008        9
 18:     0.019  0.060  0.921        8
 20:     0.405  0.574  0.021       12
 21:     0.228  0.768  0.004       17
--------------------------------------------

Allele-freq. divergence among pops (Net nucleotide distance),
computed using point estimates of P.

      1       2       3      
 1      -    0.0253  0.1515  
 2   0.0253     -    0.2121  
 3   0.1515  0.2121     -    

Average distances (expected heterozygosity) between individuals in same cluster:
cluster  1  : 0.2244 
cluster  2  : 0.1597 
cluster  3  : 0.2055 

--------------------------------------------
Estimated Ln Prob of Data   = -14161.9
Mean value of ln likelihood = -14009.4
Variance of ln likelihood   = 304.9
Mean value of alpha         = 0.0866

Mean value of Fst_1         = 0.2120
Mean value of Fst_2         = 0.3421
Mean value of Fst_3         = 0.5060


Inferred ancestry of individuals:
        Label (%Miss) Pop:  Inferred clusters
  1  96N0117    (2)    1 :  0.848 0.075 0.077 
  2  97N6723   (10)    1 :  0.320 0.655 0.025 
  3  97N5321    (0)    1 :  0.576 0.422 0.002 
  4  97N5322    (0)    1 :  0.026 0.972 0.001 
  5  97N5323    (0)    1 :  0.961 0.032 0.007 
  6  97N5324    (6)    1 :  0.066 0.928 0.006 
  7  97N5325    (0)    1 :  0.037 0.961 0.002 
  8  97N5327    (0)    1 :  0.969 0.010 0.021 
  9  97N5328    (0)    1 :  0.949 0.026 0.025 
 10  97N5329    (1)    1 :  0.959 0.023 0.018 
 11  97N5330    (0)    1 :  0.487 0.502 0.011 
 12  97N5331    (6)    1 :  0.975 0.020 0.005 
 13 07N13314    (0)    3 :  0.007 0.991 0.002 
 14 07N13315    (0)    3 :  0.008 0.990 0.002 
 15 07N13316    (0)    3 :  0.013 0.978 0.009 
 16 07N13317    (0)    3 :  0.007 0.991 0.002 
 17 07N13545    (0)    3 :  0.012 0.985 0.003 
 18 07N13546    (0)    3 :  0.011 0.960 0.029 
 19 07N13547    (0)    3 :  0.031 0.963 0.006 
 20 07N13548    (0)    3 :  0.018 0.972 0.009 
 21  05N4604    (0)    4 :  0.896 0.099 0.004 
 22  05N4605    (0)    4 :  0.010 0.984 0.006 
 23  05N4607    (0)    4 :  0.828 0.166 0.006 
 24  05N4608    (0)    4 :  0.060 0.912 0.028 
 25  05N4610   (12)    4 :  0.710 0.278 0.012 
 26  05N4624    (0)    4 :  0.008 0.989 0.002 
 27  05N4625    (0)    4 :  0.726 0.268 0.006 
 28  05N4627    (0)    4 :  0.008 0.989 0.003 
 29  05N4628    (2)    4 :  0.720 0.101 0.179 
 30  09N1347    (0)    4 :  0.051 0.716 0.232 
 31  09N1348    (1)    4 :  0.019 0.870 0.111 
 32  01N7123    (1)    4 :  0.015 0.983 0.002 
 33  01N7124    (0)    4 :  0.016 0.982 0.003 
 34  01N7125    (0)    4 :  0.018 0.904 0.078 
 35  01N7126    (0)    4 :  0.495 0.502 0.003 
 36  01N7127    (1)    4 :  0.554 0.371 0.074 
 37  01N7128    (0)    4 :  0.036 0.961 0.003 
 38  01N7129    (0)    4 :  0.517 0.476 0.007 
 39  01N7130    (0)    4 :  0.225 0.768 0.007 
 40  13N0516    (0)    4 :  0.593 0.399 0.008 
 41  02N9746    (0)    5 :  0.015 0.010 0.976 
 42 06N29507    (0)    5 :  0.007 0.005 0.989 
 43 06N29508    (0)    5 :  0.004 0.003 0.993 
 44 07N21016    (0)    5 :  0.002 0.002 0.996 
 45 07N21027    (2)    5 :  0.006 0.005 0.989 
 46 07N34099    (0)    5 :  0.002 0.002 0.996 
 47  99N0522    (0)   18 :  0.098 0.029 0.874 
 48  99N0524    (0)   18 :  0.006 0.004 0.990 
 49  99N0525    (0)   18 :  0.002 0.002 0.995 
 50  99N0526    (0)   18 :  0.015 0.008 0.977 
 51  99N0527    (1)   18 :  0.006 0.272 0.723 
 52  99N0528    (0)   18 :  0.011 0.006 0.984 
 53  99N0529    (0)   18 :  0.010 0.157 0.833 
 54  99N0530    (0)   18 :  0.006 0.005 0.989 
 55     7038    (1)   11 :  0.006 0.004 0.989 
 56 07N18309    (0)   12 :  0.003 0.003 0.994 
 57 07N18343    (2)   12 :  0.037 0.349 0.615 
 58 07N18346    (0)   12 :  0.018 0.007 0.975 
 59 07N18356    (0)   12 :  0.028 0.010 0.962 
 60 07N18361    (0)   12 :  0.020 0.020 0.961 
 61  00N5172    (0)   10 :  0.205 0.594 0.201 
 62  00N5173    (0)   10 :  0.127 0.735 0.138 
 63  11N3234    (0)   10 :  0.539 0.352 0.109 
 64  12N2944    (0)   10 :  0.009 0.904 0.087 
 65  00N5171    (0)   10 :  0.384 0.354 0.262 
 66  11N3237    (0)   10 :  0.887 0.038 0.075 
 67  11N3238    (0)   10 :  0.049 0.782 0.170 
 68  11N3239    (0)   10 :  0.013 0.909 0.078 
 69  11N3240    (0)   10 :  0.776 0.215 0.009 
 70  02N2288    (0)   10 :  0.490 0.489 0.020 
 71  02N2289    (1)   10 :  0.009 0.989 0.002 
 72  02N2292    (2)   10 :  0.007 0.982 0.011 
 73  05N5315    (0)   10 :  0.007 0.990 0.002 
 74 03N0775.    (0)   10 :  0.821 0.155 0.024 
 75  03N0776    (0)   10 :  0.093 0.886 0.022 
 76  03N0777    (0)   10 :  0.438 0.559 0.003 
 77  03N0778    (0)   10 :  0.078 0.824 0.098 
 78  03N0782    (0)   10 :  0.010 0.929 0.062 
 79  03N0798    (0)   10 :  0.618 0.289 0.093 
 80  03N6168    (0)   13 :  0.909 0.086 0.005 
 81  03N6169    (0)   13 :  0.012 0.982 0.006 
 82  03N6176    (0)   13 :  0.018 0.950 0.032 
 83  03N6177    (0)   13 :  0.012 0.983 0.005 
 84  03N6178    (0)   13 :  0.839 0.156 0.005 
 85  97N6797    (0)   13 :  0.033 0.941 0.026 
 86  97N6798    (0)   13 :  0.083 0.915 0.002 
 87  97N6799    (0)   13 :  0.217 0.768 0.015 
 88  97N6800    (0)   13 :  0.126 0.821 0.053 
 89  97N6801    (0)   13 :  0.943 0.052 0.004 
 90  97N5259    (0)   14 :  0.007 0.004 0.989 
 91  97N5262    (0)   14 :  0.058 0.026 0.916 
 92  97N5267    (0)   14 :  0.006 0.004 0.991 
 93  97N5268    (0)   14 :  0.004 0.003 0.993 
 94  97N5269    (0)   14 :  0.005 0.005 0.990 
 95  99N0688    (0)   14 :  0.003 0.003 0.994 
 96  00N5322    (1)   14 :  0.003 0.002 0.995 
 97  99N1162    (0)   14 :  0.004 0.003 0.993 
 98  06N4619    (0)   14 :  0.004 0.002 0.994 
 99  06N4628    (0)   14 :  0.003 0.003 0.995 
100  06N4633    (0)   14 :  0.015 0.016 0.969 
101  06N4634    (0)   14 :  0.003 0.002 0.995 
102  06N4635    (0)   14 :  0.028 0.011 0.961 
103  99N1157    (0)   14 :  0.002 0.002 0.996 
104  99N1159    (1)   14 :  0.003 0.002 0.995 
105  99N1160    (0)   14 :  0.003 0.002 0.995 
106  99N1161    (0)   14 :  0.014 0.011 0.975 
107  14N0241    (0)   15 :  0.014 0.017 0.970 
108  14N0242    (0)   15 :  0.003 0.002 0.995 
109  14N0282    (0)   15 :  0.022 0.016 0.962 
110  14N0283    (0)   15 :  0.024 0.039 0.937 
111  14N0284    (0)   15 :  0.023 0.008 0.969 
112  14N0285    (0)   15 :  0.012 0.005 0.984 
113  14N0286    (0)   15 :  0.004 0.003 0.994 
114  15N0132    (0)   15 :  0.009 0.006 0.985 
115  15N0192    (0)   15 :  0.017 0.008 0.975 
116  08N1182    (0)   16 :  0.238 0.757 0.005 
117     7039    (0)   11 :  0.002 0.002 0.997 
118  02N8790    (0)    8 :  0.098 0.020 0.882 
119  02N8792    (0)    8 :  0.011 0.007 0.982 
120  02N8801    (1)    8 :  0.021 0.006 0.972 
121  02N8803    (0)    8 :  0.006 0.004 0.991 
122  02N8805    (0)    8 :  0.006 0.212 0.782 
123  02N8807    (0)    8 :  0.008 0.004 0.988 
124  02N8811    (0)    8 :  0.007 0.004 0.989 
125  02N8816    (0)    8 :  0.096 0.018 0.886 
126  02N8827    (0)    8 :  0.003 0.003 0.994 
127  02N8829    (1)    8 :  0.013 0.007 0.980 
128 08N23341    (0)    8 :  0.034 0.023 0.943 
129  05N8693    (0)   17 :  0.010 0.987 0.003 
130  06N0762    (0)   17 :  0.141 0.843 0.016 
131  06N1404    (0)   17 :  0.081 0.915 0.004 
132  06N1475    (0)   17 :  0.130 0.842 0.028 
133  07N1314    (0)   17 :  0.008 0.990 0.002 
134  08N1304    (0)   17 :  0.012 0.983 0.005 
135  08N1379    (0)   17 :  0.027 0.970 0.004 
136  08N1663    (0)   17 :  0.008 0.989 0.002 
137  08N1665    (0)   17 :  0.030 0.964 0.006 
138  00N5479    (0)    7 :  0.002 0.001 0.997 
139  00N5480    (0)    7 :  0.009 0.008 0.983 
140  00N5481    (0)    7 :  0.002 0.002 0.996 
141  00N5482    (0)    7 :  0.002 0.002 0.997 
142  00N5483    (0)    7 :  0.003 0.002 0.995 
143  00N5484    (0)    7 :  0.002 0.001 0.997 
144  00N5485    (0)    7 :  0.007 0.191 0.801 
145  00N5486    (0)    7 :  0.002 0.002 0.995 
146 08N22058    (0)    7 :  0.004 0.002 0.994 
147 10N16953    (0)    7 :  0.002 0.002 0.996 
148 10N16968    (0)    7 :  0.002 0.002 0.996 
149  96N0277    (0)   20 :  0.221 0.774 0.005 
150  96N0278    (0)   20 :  0.010 0.987 0.003 
151  96N0279    (0)   20 :  0.139 0.743 0.119 
152  96N0280    (0)   20 :  0.582 0.413 0.005 
153  96N0281    (0)   20 :  0.152 0.838 0.010 
154  96N0282    (0)   20 :  0.949 0.048 0.004 
155  96N0283    (0)   20 :  0.011 0.965 0.025 
156  96N0284    (0)   20 :  0.532 0.413 0.056 
157  96N0285    (0)   20 :  0.685 0.300 0.016 
158  96N0291    (0)   20 :  0.012 0.986 0.002 
159  96N0299    (0)   20 :  0.933 0.064 0.003 
160  96N0300    (0)   20 :  0.633 0.362 0.005 
161  01N4476    (0)    6 :  0.107 0.040 0.854 
162  01N4477    (0)    6 :  0.417 0.028 0.555 
163  02N1415    (0)    6 :  0.167 0.046 0.787 
164  02N1416    (0)    6 :  0.080 0.018 0.902 
165  02N1417    (0)    6 :  0.143 0.028 0.828 
166  02N1418    (1)    6 :  0.064 0.051 0.885 
167  02N1419    (0)    6 :  0.110 0.026 0.864 
168  02N1420    (2)    6 :  0.044 0.344 0.612 
169  02N1421    (0)    6 :  0.045 0.265 0.690 
170  02N1422    (0)    6 :  0.138 0.085 0.777 
171  97N6629    (0)    6 :  0.097 0.043 0.860 
172  97N6628    (0)    6 :  0.007 0.005 0.988 
173 06N35383    (0)   21 :  0.919 0.077 0.003 
174 09N17890    (0)   21 :  0.020 0.979 0.001 
175 09N18315    (0)   21 :  0.034 0.962 0.003 
176 10N16477    (0)   21 :  0.010 0.989 0.001 
177 10N16478    (0)   21 :  0.023 0.975 0.002 
178  02N1139    (0)   21 :  0.040 0.955 0.005 
179  02N1140    (0)   21 :  0.027 0.969 0.004 
180  03N4284    (0)   21 :  0.020 0.975 0.005 
181  03N6131    (0)   21 :  0.012 0.975 0.013 
182  03N6132    (0)   21 :  0.812 0.186 0.002 
183  04N7586    (0)   21 :  0.008 0.990 0.002 
184  04N7587    (0)   21 :  0.025 0.973 0.002 
185  04N7588    (0)   21 :  0.023 0.976 0.002 
186  05N5632    (0)   21 :  0.048 0.938 0.013 
187 09N17508    (0)   21 :  0.016 0.983 0.001 
188  97N6283    (0)   21 :  0.905 0.092 0.003 
189  97N6284    (0)   21 :  0.942 0.056 0.002 
190 07N28554    (0)    9 :  0.032 0.008 0.960 
191 07N28571    (0)    9 :  0.075 0.083 0.842 
192 07N28591    (0)    9 :  0.282 0.023 0.695 
193 07N28640    (0)    9 :  0.309 0.023 0.668 
194 07N28922    (0)    9 :  0.017 0.163 0.820 
195 08N21408    (0)    9 :  0.159 0.013 0.828 
196 08N21409    (0)    9 :  0.188 0.025 0.787 
197 08N21430    (0)    9 :  0.048 0.268 0.684 
198 08N21435    (0)    9 :  0.545 0.016 0.440 
199 08N21446    (0)    9 :  0.025 0.008 0.967 
200 08N21938    (0)    9 :  0.017 0.308 0.675 
201     7040    (0)   11 :  0.006 0.005 0.989 
202  98N3510    (0)    8 :  0.168 0.019 0.813 
203  98N3517    (0)    8 :  0.016 0.006 0.978 
204  98N3518    (0)    8 :  0.100 0.027 0.873 
205  98N3519    (0)    8 :  0.011 0.006 0.982 
206  98N3520    (0)    8 :  0.082 0.013 0.906 
207  98N3521    (0)    8 :  0.086 0.013 0.901 
208  00N5114    (0)   10 :  0.316 0.339 0.344 
209  00N5115    (0)   10 :  0.028 0.819 0.154 
210  00N5116    (0)   10 :  0.944 0.021 0.035 
211     3101    (0)    2 :  0.045 0.952 0.003 
212     3102    (0)    2 :  0.974 0.010 0.016 
213     3103    (1)    2 :  0.870 0.100 0.030 
214     3104    (0)    2 :  0.018 0.975 0.007 
215     3105    (0)    2 :  0.950 0.046 0.004 
216     3106    (0)    2 :  0.961 0.029 0.010 
217     3107    (0)    2 :  0.041 0.950 0.009 
218     3108    (0)    2 :  0.009 0.984 0.008 
219     3109    (0)    2 :  0.792 0.051 0.156 
220     7037    (0)   11 :  0.002 0.002 0.996 
221     7042    (1)   11 :  0.002 0.002 0.996 
222     7043    (0)   11 :  0.002 0.002 0.997 
223     7044    (0)   11 :  0.002 0.001 0.997 


Estimated Allele Frequencies in each cluster
First column gives estimated ancestral frequencies


Locus 1 : 
2 alleles
0.9% missing data
   3   (0.679) 0.889 0.813 0.265 
   4   (0.321) 0.111 0.187 0.735 

Locus 2 : 
2 alleles
0.0% missing data
   3   (0.719) 0.882 0.815 0.905 
   1   (0.281) 0.118 0.185 0.095 

Locus 3 : 
2 alleles
0.0% missing data
   1   (0.627) 0.661 0.136 0.998 
   4   (0.373) 0.339 0.864 0.002 

Locus 4 : 
2 alleles
0.0% missing data
   3   (0.804) 0.845 0.926 0.998 
   1   (0.196) 0.155 0.074 0.002 

Locus 5 : 
2 alleles
0.0% missing data
   2   (0.768) 0.879 0.911 0.990 
   4   (0.232) 0.121 0.089 0.010 

Locus 6 : 
2 alleles
0.4% missing data
   3   (0.851) 0.949 0.994 0.982 
   1   (0.149) 0.051 0.006 0.018 

Locus 7 : 
2 alleles
1.8% missing data
   4   (0.537) 0.534 0.580 0.671 
   2   (0.463) 0.466 0.420 0.329 

Locus 8 : 
2 alleles
0.0% missing data
   1   (0.660) 0.776 0.986 0.011 
   3   (0.340) 0.224 0.014 0.989 

Locus 9 : 
2 alleles
0.0% missing data
   3   (0.877) 0.986 0.974 0.993 
   1   (0.123) 0.014 0.026 0.007 

Locus 10 : 
2 alleles
0.0% missing data
   1   (0.647) 0.637 0.993 0.009 
   4   (0.353) 0.363 0.007 0.991 

Locus 11 : 
2 alleles
0.0% missing data
   3   (0.721) 0.812 0.869 0.977 
   1   (0.279) 0.188 0.131 0.023 

Locus 12 : 
2 alleles
0.0% missing data
   1   (0.685) 0.868 0.772 0.666 
   3   (0.315) 0.132 0.228 0.334 

Locus 13 : 
2 alleles
1.3% missing data
   2   (0.863) 0.974 0.985 0.989 
   4   (0.137) 0.026 0.015 0.011 

Locus 14 : 
2 alleles
0.0% missing data
   2   (0.760) 0.855 0.824 0.995 
   1   (0.240) 0.145 0.176 0.005 

Locus 15 : 
2 alleles
0.0% missing data
   1   (0.531) 0.412 0.988 0.003 
   2   (0.469) 0.588 0.012 0.997 

Locus 16 : 
2 alleles
0.0% missing data
   1   (0.833) 0.880 0.982 0.997 
   3   (0.167) 0.120 0.018 0.003 

Locus 17 : 
2 alleles
0.0% missing data
   2   (0.556) 0.431 0.577 0.969 
   4   (0.444) 0.569 0.423 0.031 

Locus 18 : 
2 alleles
0.0% missing data
   2   (0.782) 0.900 0.916 0.991 
   4   (0.218) 0.100 0.084 0.009 

Locus 19 : 
2 alleles
0.9% missing data
   3   (0.737) 0.865 0.908 0.940 
   1   (0.263) 0.135 0.092 0.060 

Locus 20 : 
2 alleles
0.0% missing data
   4   (0.771) 0.895 0.942 0.981 
   2   (0.229) 0.105 0.058 0.019 

Locus 21 : 
2 alleles
0.0% missing data
   2   (0.724) 0.878 0.834 0.932 
   4   (0.276) 0.122 0.166 0.068 

Locus 22 : 
2 alleles
0.0% missing data
   2   (0.764) 0.807 0.739 0.999 
   4   (0.236) 0.193 0.261 0.001 

Locus 23 : 
2 alleles
0.9% missing data
   2   (0.788) 0.924 0.941 0.979 
   4   (0.212) 0.076 0.059 0.021 

Locus 24 : 
2 alleles
0.0% missing data
   1   (0.426) 0.465 0.349 0.102 
   3   (0.574) 0.535 0.651 0.898 

Locus 25 : 
2 alleles
0.0% missing data
   1   (0.759) 0.800 0.687 0.999 
   3   (0.241) 0.200 0.313 0.001 

Locus 26 : 
2 alleles
0.0% missing data
   3   (0.803) 0.933 0.921 0.993 
   2   (0.197) 0.067 0.079 0.007 

Locus 27 : 
2 alleles
0.4% missing data
   4   (0.349) 0.372 0.156 0.056 
   2   (0.651) 0.628 0.844 0.944 

Locus 28 : 
2 alleles
0.0% missing data
   4   (0.514) 0.773 0.626 0.011 
   2   (0.486) 0.227 0.374 0.989 

Locus 29 : 
2 alleles
0.0% missing data
   3   (0.798) 0.891 0.946 0.996 
   1   (0.202) 0.109 0.054 0.004 

Locus 30 : 
2 alleles
0.9% missing data
   3   (0.611) 0.617 0.992 0.004 
   1   (0.389) 0.383 0.008 0.996 

Locus 31 : 
2 alleles
0.4% missing data
   2   (0.490) 0.378 0.980 0.003 
   4   (0.510) 0.622 0.020 0.997 

Locus 32 : 
2 alleles
0.4% missing data
   1   (0.832) 0.962 0.963 0.991 
   3   (0.168) 0.038 0.037 0.009 

Locus 33 : 
2 alleles
0.0% missing data
   4   (0.483) 0.785 0.625 0.003 
   2   (0.517) 0.215 0.375 0.997 

Locus 34 : 
2 alleles
0.0% missing data
   2   (0.802) 0.848 0.930 0.998 
   4   (0.198) 0.152 0.070 0.002 

Locus 35 : 
2 alleles
0.9% missing data
   4   (0.624) 0.884 0.884 0.009 
   1   (0.376) 0.116 0.116 0.991 

Locus 36 : 
2 alleles
0.0% missing data
   3   (0.743) 0.822 0.927 0.980 
   2   (0.257) 0.178 0.073 0.020 

Locus 37 : 
2 alleles
0.0% missing data
   4   (0.772) 0.879 0.971 0.939 
   2   (0.228) 0.121 0.029 0.061 

Locus 38 : 
2 alleles
0.0% missing data
   1   (0.669) 0.773 0.782 0.899 
   3   (0.331) 0.227 0.218 0.101 

Locus 39 : 
2 alleles
0.0% missing data
   4   (0.447) 0.443 0.923 0.004 
   2   (0.553) 0.557 0.077 0.996 

Locus 40 : 
2 alleles
1.3% missing data
   3   (0.700) 0.754 0.847 0.975 
   1   (0.300) 0.246 0.153 0.025 

Locus 41 : 
2 alleles
0.0% missing data
   1   (0.785) 0.857 0.942 0.994 
   3   (0.215) 0.143 0.058 0.006 

Locus 42 : 
2 alleles
0.0% missing data
   1   (0.839) 0.968 0.932 0.995 
   2   (0.161) 0.032 0.068 0.005 

Locus 43 : 
2 alleles
0.9% missing data
   1   (0.866) 0.905 0.997 0.994 
   3   (0.134) 0.095 0.003 0.006 

Locus 44 : 
2 alleles
0.0% missing data
   3   (0.779) 0.824 0.941 0.994 
   1   (0.221) 0.176 0.059 0.006 

Locus 45 : 
2 alleles
0.0% missing data
   3   (0.779) 0.925 0.986 0.226 
   1   (0.221) 0.075 0.014 0.774 

Locus 46 : 
2 alleles
0.0% missing data
   4   (0.913) 0.996 0.999 0.544 
   2   (0.087) 0.004 0.001 0.456 

Locus 47 : 
2 alleles
0.9% missing data
   4   (0.871) 0.989 0.989 0.813 
   3   (0.129) 0.011 0.011 0.187 

Locus 48 : 
2 alleles
0.0% missing data
   2   (0.812) 0.977 0.950 0.625 
   4   (0.188) 0.023 0.050 0.375 

Locus 49 : 
2 alleles
0.0% missing data
   3   (0.645) 0.776 0.923 0.134 
   1   (0.355) 0.224 0.077 0.866 

Locus 50 : 
2 alleles
0.4% missing data
   2   (0.494) 0.589 0.576 0.093 
   4   (0.506) 0.411 0.424 0.907 

Locus 51 : 
2 alleles
0.0% missing data
   1   (0.738) 0.901 0.892 0.869 
   3   (0.262) 0.099 0.108 0.131 

Locus 52 : 
2 alleles
0.0% missing data
   2   (0.917) 0.996 0.999 0.877 
   4   (0.083) 0.004 0.001 0.123 

Locus 53 : 
2 alleles
0.9% missing data
   1   (0.701) 0.765 0.985 0.058 
   3   (0.299) 0.235 0.015 0.942 

Locus 54 : 
2 alleles
0.0% missing data
   3   (0.754) 0.922 0.943 0.674 
   1   (0.246) 0.078 0.057 0.326 

Locus 55 : 
2 alleles
0.0% missing data
   2   (0.695) 0.858 0.930 0.294 
   4   (0.305) 0.142 0.070 0.706 

Locus 56 : 
2 alleles
0.0% missing data
   3   (0.767) 0.958 0.887 0.692 
   2   (0.233) 0.042 0.113 0.308 

Locus 57 : 
2 alleles
0.0% missing data
   2   (0.754) 0.891 0.877 0.982 
   1   (0.246) 0.109 0.123 0.018 

Locus 58 : 
2 alleles
0.0% missing data
   2   (0.808) 0.962 0.968 0.911 
   4   (0.192) 0.038 0.032 0.089 

Locus 59 : 
2 alleles
0.9% missing data
   3   (0.905) 0.995 0.998 0.358 
   4   (0.095) 0.005 0.002 0.642 

Locus 60 : 
2 alleles
0.0% missing data
   3   (0.850) 0.984 0.989 0.712 
   1   (0.150) 0.016 0.011 0.288 

Locus 61 : 
2 alleles
0.0% missing data
   2   (0.641) 0.851 0.821 0.114 
   4   (0.359) 0.149 0.179 0.886 

Locus 62 : 
2 alleles
0.0% missing data
   4   (0.556) 0.690 0.607 0.252 
   3   (0.444) 0.310 0.393 0.748 

Locus 63 : 
2 alleles
0.0% missing data
   3   (0.747) 0.919 0.945 0.602 
   1   (0.253) 0.081 0.055 0.398 

Locus 64 : 
2 alleles
0.4% missing data
   2   (0.743) 0.965 0.944 0.014 
   4   (0.257) 0.035 0.056 0.986 

Locus 65 : 
2 alleles
0.4% missing data
   2   (0.678) 0.751 0.816 0.948 
   4   (0.322) 0.249 0.184 0.052 

Locus 66 : 
2 alleles
0.0% missing data
   2   (0.811) 0.966 0.979 0.724 
   1   (0.189) 0.034 0.021 0.276 

Locus 67 : 
2 alleles
0.4% missing data
   3   (0.789) 0.953 0.971 0.662 
   1   (0.211) 0.047 0.029 0.338 

Locus 68 : 
2 alleles
0.4% missing data
   3   (0.832) 0.985 0.963 0.673 
   1   (0.168) 0.015 0.037 0.327 

Locus 69 : 
2 alleles
0.4% missing data
   2   (0.916) 0.996 0.999 0.764 
   1   (0.084) 0.004 0.001 0.236 

Locus 70 : 
2 alleles
0.0% missing data
   2   (0.690) 0.820 0.909 0.640 
   1   (0.310) 0.180 0.091 0.360 

Locus 71 : 
2 alleles
0.4% missing data
   4   (0.869) 0.993 0.988 0.785 
   2   (0.131) 0.007 0.012 0.215 

Locus 72 : 
2 alleles
0.0% missing data
   1   (0.301) 0.098 0.143 0.685 
   4   (0.699) 0.902 0.857 0.315 

Locus 73 : 
2 alleles
2.2% missing data
   2   (0.766) 0.928 0.950 0.749 
   4   (0.234) 0.072 0.050 0.251 

Locus 74 : 
2 alleles
0.4% missing data
   4   (0.805) 0.884 0.937 0.997 
   2   (0.195) 0.116 0.063 0.003 

Locus 75 : 
2 alleles
0.0% missing data
   4   (0.387) 0.360 0.278 0.140 
   2   (0.613) 0.640 0.722 0.860 

Locus 76 : 
2 alleles
0.4% missing data
   2   (0.764) 0.944 0.936 0.529 
   3   (0.236) 0.056 0.064 0.471 

Locus 77 : 
2 alleles
0.0% missing data
   2   (0.687) 0.791 0.988 0.016 
   4   (0.313) 0.209 0.012 0.984 

Locus 78 : 
2 alleles
0.4% missing data
   3   (0.764) 0.914 0.963 0.812 
   1   (0.236) 0.086 0.037 0.188 

Locus 79 : 
2 alleles
0.0% missing data
   4   (0.782) 0.957 0.930 0.791 
   2   (0.218) 0.043 0.070 0.209 

Locus 80 : 
2 alleles
0.4% missing data
   4   (0.540) 0.548 0.560 0.714 
   3   (0.460) 0.452 0.440 0.286 

Locus 81 : 
2 alleles
0.4% missing data
   1   (0.897) 0.993 0.998 0.534 
   3   (0.103) 0.007 0.002 0.466 

Locus 82 : 
2 alleles
0.4% missing data
   2   (0.781) 0.923 0.981 0.739 
   4   (0.219) 0.077 0.019 0.261 

Locus 83 : 
2 alleles
0.4% missing data
   4   (0.678) 0.872 0.830 0.341 
   3   (0.322) 0.128 0.170 0.659 

Locus 84 : 
2 alleles
0.0% missing data
   1   (0.865) 0.991 0.988 0.521 
   3   (0.135) 0.009 0.012 0.479 

Locus 85 : 
2 alleles
0.0% missing data
   2   (0.599) 0.629 0.597 0.920 
   3   (0.401) 0.371 0.403 0.080 

Locus 86 : 
2 alleles
0.9% missing data
   2   (0.586) 0.526 0.146 0.998 
   4   (0.414) 0.474 0.854 0.002 

Locus 87 : 
2 alleles
0.4% missing data
   3   (0.573) 0.426 0.991 0.008 
   1   (0.427) 0.574 0.009 0.992 

Locus 88 : 
2 alleles
0.0% missing data
   3   (0.917) 0.996 0.999 0.754 
   2   (0.083) 0.004 0.001 0.246 

Locus 89 : 
2 alleles
0.0% missing data
   3   (0.846) 0.958 0.998 0.477 
   2   (0.154) 0.042 0.002 0.523 

Locus 90 : 
2 alleles
0.0% missing data
   4   (0.748) 0.930 0.949 0.349 
   2   (0.252) 0.070 0.051 0.651 

Locus 91 : 
2 alleles
0.4% missing data
   1   (0.844) 0.969 0.995 0.712 
   3   (0.156) 0.031 0.005 0.288 

Locus 92 : 
2 alleles
0.0% missing data
   2   (0.724) 0.910 0.947 0.184 
   4   (0.276) 0.090 0.053 0.816 

Locus 93 : 
2 alleles
0.4% missing data
   2   (0.740) 0.868 0.930 0.910 
   4   (0.260) 0.132 0.070 0.090 

Locus 94 : 
2 alleles
0.0% missing data
   3   (0.706) 0.877 0.883 0.623 
   1   (0.294) 0.123 0.117 0.377 

Locus 95 : 
2 alleles
0.0% missing data
   4   (0.736) 0.892 0.951 0.543 
   2   (0.264) 0.108 0.049 0.457 

Locus 96 : 
2 alleles
1.8% missing data
   2   (0.853) 0.992 0.976 0.507 
   4   (0.147) 0.008 0.024 0.493 

Values of parameters used in structure:
DATAFILE=96snps_breeding.str,	OUTFILE=K3.3,	NUMINDS=223,	NUMLOCI=96,	MISSING=-9,	LABEL=1,	POPDATA=1,	POPFLAG=0,	PHENOTYPE=0,	EXTRACOLS=0,	MAXPOPS=3,	BURNIN=20000,	NUMREPS=50000,	USEPOPINFO=0,	INFERALPHA=1,	INFERLAMBDA=0,	POPSPECIFICLAMBDA=0,	POPALPHAS=0,	COMPUTEPROB=1,	NOADMIX=0,	ADMBURNIN=500,	UPDATEFREQ=100,	PRINTLIKES=0,	INTERMEDSAVE=0,	PRINTKLD=0,	PRINTNET=1,	PRINTLAMBDA=1,	ANCESTDIST=0,	NUMBOXES=1000,	ANCESTPINT=0.90000,	GENSBACK=2,	MIGRPRIOR=0.01000,	PRINTQHAT=0,	PRINTQSUM=1,	ALPHA=1.0000,	FREQSCORR=1,	FPRIORMEAN=0.0100,	FPRIORSD=0.0500,	ONEFST=0,	LAMBDA=1.0000,	UNIFPRIORALPHA=1,	ALPHAMAX=10.0000,	ALPHAPRIORA=1.0000,	ALPHAPRIORB=2.0000,	ALPHAPROPSD=0.0250,	STARTATPOPINFO=0,	RANDOMIZE=1,	LINKAGE=0,	METROFREQ=10,	REPORTHITRATE=0,	MARKOVPHASE=0,	PHASED=0,	PLOIDY=2,	PHASEINFO=0	LOCPRIOR=0, 	LOCPRIORINIT=1.000000, 	LOCDATA=0, 	LOCISPOP=1, 	LOCPRIORSTEP=0.100000, 	MAXLOCPRIOR=20.000000, 	SEED=1493847916,	
[STRAT parameters]:    NUMSIMSTATS=1000,	PHENOTYPECOL=-9,	POOLFREQ=10,	LOCUSxONLY=0,	EMERROR=0.00100,	MISSINGPHENO=-9,	