

----------------------------------------------------
STRUCTURE by Pritchard, Stephens and Donnelly (2000)
     and Falush, Stephens and Pritchard (2003)
       Code by Pritchard, Falush and Hubisz
             Version 2.3.4 (Jul 2012)
----------------------------------------------------



Command line arguments:   /Users/Rachael/Documents/programs/structure/structure -K 3 -o K3.4 
Input File:    96snps_breeding.str

Run parameters:
   223 individuals
   96 loci
   3 populations assumed
   20000 Burn-in period
   50000 Reps


--------------------------------------------
Proportion of membership of each pre-defined
 population in each of the 3 clusters

Given    Inferred Clusters       Number of
 Pop       1      2      3      Individuals

  1:     0.019  0.659  0.323       12
  2:     0.025  0.673  0.303        9
  3:     0.013  0.979  0.009        8
  4:     0.047  0.827  0.126       20
  5:     0.978  0.007  0.015        6
  6:     0.729  0.080  0.191       12
  7:     0.973  0.022  0.006       11
  8:     0.886  0.023  0.090       17
  9:     0.686  0.091  0.224       11
 10:     0.098  0.755  0.147       22
 11:     0.990  0.004  0.006        7
 12:     0.883  0.086  0.031        5
 13:     0.022  0.838  0.141       10
 14:     0.972  0.008  0.020       17
 15:     0.941  0.018  0.041        9
 16:     0.007  0.908  0.085        1
 17:     0.011  0.963  0.026        9
 18:     0.903  0.063  0.034        8
 20:     0.026  0.792  0.182       12
 21:     0.006  0.884  0.110       17
--------------------------------------------

Allele-freq. divergence among pops (Net nucleotide distance),
computed using point estimates of P.

      1       2       3      
 1      -    0.2217  0.1314  
 2   0.2217     -    0.0831  
 3   0.1314  0.0831     -    

Average distances (expected heterozygosity) between individuals in same cluster:
cluster  1  : 0.2008 
cluster  2  : 0.1577 
cluster  3  : 0.2040 

--------------------------------------------
Estimated Ln Prob of Data   = -14112.9
Mean value of ln likelihood = -13965.4
Variance of ln likelihood   = 295.0
Mean value of alpha         = 0.1268

Mean value of Fst_1         = 0.4969
Mean value of Fst_2         = 0.4527
Mean value of Fst_3         = 0.3517


Inferred ancestry of individuals:
        Label (%Miss) Pop:  Inferred clusters
  1  96N0117    (2)    1 :  0.078 0.481 0.441 
  2  97N6723   (10)    1 :  0.027 0.808 0.165 
  3  97N5321    (0)    1 :  0.005 0.780 0.215 
  4  97N5322    (0)    1 :  0.002 0.987 0.011 
  5  97N5323    (0)    1 :  0.013 0.491 0.496 
  6  97N5324    (6)    1 :  0.009 0.958 0.033 
  7  97N5325    (0)    1 :  0.003 0.980 0.018 
  8  97N5327    (0)    1 :  0.014 0.296 0.690 
  9  97N5328    (0)    1 :  0.029 0.448 0.523 
 10  97N5329    (1)    1 :  0.014 0.388 0.598 
 11  97N5330    (0)    1 :  0.024 0.839 0.137 
 12  97N5331    (6)    1 :  0.007 0.447 0.546 
 13 07N13314    (0)    3 :  0.003 0.992 0.005 
 14 07N13315    (0)    3 :  0.003 0.991 0.006 
 15 07N13316    (0)    3 :  0.015 0.976 0.008 
 16 07N13317    (0)    3 :  0.003 0.991 0.006 
 17 07N13545    (0)    3 :  0.005 0.988 0.008 
 18 07N13546    (0)    3 :  0.049 0.941 0.010 
 19 07N13547    (0)    3 :  0.008 0.977 0.016 
 20 07N13548    (0)    3 :  0.015 0.972 0.013 
 21  05N4604    (0)    4 :  0.010 0.616 0.374 
 22  05N4605    (0)    4 :  0.010 0.983 0.007 
 23  05N4607    (0)    4 :  0.011 0.650 0.339 
 24  05N4608    (0)    4 :  0.036 0.932 0.032 
 25  05N4610   (12)    4 :  0.036 0.746 0.219 
 26  05N4624    (0)    4 :  0.003 0.991 0.006 
 27  05N4625    (0)    4 :  0.007 0.673 0.320 
 28  05N4627    (0)    4 :  0.004 0.990 0.006 
 29  05N4628    (2)    4 :  0.207 0.518 0.275 
 30  09N1347    (0)    4 :  0.236 0.736 0.028 
 31  09N1348    (1)    4 :  0.122 0.867 0.011 
 32  01N7123    (1)    4 :  0.002 0.989 0.008 
 33  01N7124    (0)    4 :  0.004 0.987 0.009 
 34  01N7125    (0)    4 :  0.091 0.899 0.011 
 35  01N7126    (0)    4 :  0.006 0.830 0.164 
 36  01N7127    (1)    4 :  0.115 0.716 0.169 
 37  01N7128    (0)    4 :  0.005 0.971 0.024 
 38  01N7129    (0)    4 :  0.013 0.804 0.183 
 39  01N7130    (0)    4 :  0.010 0.909 0.081 
 40  13N0516    (0)    4 :  0.014 0.737 0.250 
 41  02N9746    (0)    5 :  0.956 0.014 0.030 
 42 06N29507    (0)    5 :  0.968 0.008 0.024 
 43 06N29508    (0)    5 :  0.984 0.005 0.010 
 44 07N21016    (0)    5 :  0.992 0.003 0.005 
 45 07N21027    (2)    5 :  0.977 0.007 0.016 
 46 07N34099    (0)    5 :  0.993 0.003 0.004 
 47  99N0522    (0)   18 :  0.828 0.018 0.155 
 48  99N0524    (0)   18 :  0.972 0.008 0.020 
 49  99N0525    (0)   18 :  0.991 0.003 0.005 
 50  99N0526    (0)   18 :  0.935 0.013 0.052 
 51  99N0527    (1)   18 :  0.720 0.276 0.004 
 52  99N0528    (0)   18 :  0.976 0.008 0.016 
 53  99N0529    (0)   18 :  0.824 0.170 0.007 
 54  99N0530    (0)   18 :  0.982 0.008 0.010 
 55     7038    (1)   11 :  0.978 0.007 0.015 
 56 07N18309    (0)   12 :  0.987 0.004 0.009 
 57 07N18343    (2)   12 :  0.608 0.377 0.015 
 58 07N18346    (0)   12 :  0.962 0.015 0.023 
 59 07N18356    (0)   12 :  0.931 0.011 0.058 
 60 07N18361    (0)   12 :  0.929 0.020 0.050 
 61  00N5172    (0)   10 :  0.216 0.713 0.070 
 62  00N5173    (0)   10 :  0.153 0.802 0.045 
 63  11N3234    (0)   10 :  0.104 0.636 0.260 
 64  12N2944    (0)   10 :  0.109 0.883 0.008 
 65  00N5171    (0)   10 :  0.252 0.548 0.200 
 66  11N3237    (0)   10 :  0.054 0.421 0.525 
 67  11N3238    (0)   10 :  0.174 0.797 0.029 
 68  11N3239    (0)   10 :  0.091 0.899 0.011 
 69  11N3240    (0)   10 :  0.019 0.685 0.295 
 70  02N2288    (0)   10 :  0.023 0.756 0.222 
 71  02N2289    (1)   10 :  0.003 0.991 0.006 
 72  02N2292    (2)   10 :  0.028 0.967 0.006 
 73  05N5315    (0)   10 :  0.005 0.988 0.007 
 74 03N0775.    (0)   10 :  0.040 0.615 0.344 
 75  03N0776    (0)   10 :  0.023 0.915 0.062 
 76  03N0777    (0)   10 :  0.005 0.817 0.178 
 77  03N0778    (0)   10 :  0.097 0.839 0.064 
 78  03N0782    (0)   10 :  0.073 0.918 0.009 
 79  03N0798    (0)   10 :  0.131 0.656 0.213 
 80  03N6168    (0)   13 :  0.009 0.603 0.388 
 81  03N6169    (0)   13 :  0.009 0.984 0.007 
 82  03N6176    (0)   13 :  0.050 0.934 0.017 
 83  03N6177    (0)   13 :  0.007 0.983 0.010 
 84  03N6178    (0)   13 :  0.006 0.627 0.367 
 85  97N6797    (0)   13 :  0.032 0.941 0.027 
 86  97N6798    (0)   13 :  0.003 0.968 0.029 
 87  97N6799    (0)   13 :  0.022 0.891 0.087 
 88  97N6800    (0)   13 :  0.072 0.869 0.060 
 89  97N6801    (0)   13 :  0.009 0.575 0.416 
 90  97N5259    (0)   14 :  0.973 0.007 0.020 
 91  97N5262    (0)   14 :  0.889 0.032 0.079 
 92  97N5267    (0)   14 :  0.969 0.006 0.024 
 93  97N5268    (0)   14 :  0.980 0.005 0.015 
 94  97N5269    (0)   14 :  0.985 0.007 0.008 
 95  99N0688    (0)   14 :  0.988 0.004 0.008 
 96  00N5322    (1)   14 :  0.989 0.004 0.007 
 97  99N1162    (0)   14 :  0.986 0.005 0.009 
 98  06N4619    (0)   14 :  0.988 0.004 0.008 
 99  06N4628    (0)   14 :  0.991 0.004 0.006 
100  06N4633    (0)   14 :  0.959 0.021 0.019 
101  06N4634    (0)   14 :  0.990 0.003 0.006 
102  06N4635    (0)   14 :  0.901 0.011 0.088 
103  99N1157    (0)   14 :  0.991 0.003 0.005 
104  99N1159    (1)   14 :  0.992 0.003 0.004 
105  99N1160    (0)   14 :  0.992 0.003 0.005 
106  99N1161    (0)   14 :  0.958 0.016 0.026 
107  14N0241    (0)   15 :  0.954 0.032 0.013 
108  14N0242    (0)   15 :  0.992 0.004 0.005 
109  14N0282    (0)   15 :  0.938 0.027 0.035 
110  14N0283    (0)   15 :  0.925 0.060 0.015 
111  14N0284    (0)   15 :  0.857 0.010 0.133 
112  14N0285    (0)   15 :  0.947 0.008 0.045 
113  14N0286    (0)   15 :  0.985 0.004 0.011 
114  15N0132    (0)   15 :  0.964 0.010 0.026 
115  15N0192    (0)   15 :  0.905 0.010 0.085 
116  08N1182    (0)   16 :  0.007 0.908 0.085 
117     7039    (0)   11 :  0.995 0.002 0.003 
118  02N8790    (0)    8 :  0.836 0.015 0.149 
119  02N8792    (0)    8 :  0.935 0.010 0.055 
120  02N8801    (1)    8 :  0.937 0.009 0.055 
121  02N8803    (0)    8 :  0.976 0.006 0.018 
122  02N8805    (0)    8 :  0.779 0.217 0.004 
123  02N8807    (0)    8 :  0.959 0.006 0.034 
124  02N8811    (0)    8 :  0.974 0.007 0.019 
125  02N8816    (0)    8 :  0.771 0.009 0.220 
126  02N8827    (0)    8 :  0.988 0.004 0.008 
127  02N8829    (1)    8 :  0.948 0.013 0.039 
128 08N23341    (0)    8 :  0.897 0.023 0.080 
129  05N8693    (0)   17 :  0.004 0.989 0.007 
130  06N0762    (0)   17 :  0.024 0.917 0.059 
131  06N1404    (0)   17 :  0.005 0.964 0.031 
132  06N1475    (0)   17 :  0.034 0.889 0.077 
133  07N1314    (0)   17 :  0.003 0.991 0.006 
134  08N1304    (0)   17 :  0.008 0.983 0.009 
135  08N1379    (0)   17 :  0.005 0.974 0.021 
136  08N1663    (0)   17 :  0.004 0.990 0.006 
137  08N1665    (0)   17 :  0.008 0.975 0.017 
138  00N5479    (0)    7 :  0.995 0.002 0.003 
139  00N5480    (0)    7 :  0.968 0.013 0.019 
140  00N5481    (0)    7 :  0.994 0.002 0.003 
141  00N5482    (0)    7 :  0.995 0.002 0.003 
142  00N5483    (0)    7 :  0.992 0.003 0.005 
143  00N5484    (0)    7 :  0.995 0.002 0.003 
144  00N5485    (0)    7 :  0.797 0.199 0.004 
145  00N5486    (0)    7 :  0.992 0.003 0.005 
146 08N22058    (0)    7 :  0.985 0.004 0.012 
147 10N16953    (0)    7 :  0.993 0.003 0.004 
148 10N16968    (0)    7 :  0.994 0.002 0.003 
149  96N0277    (0)   20 :  0.008 0.884 0.109 
150  96N0278    (0)   20 :  0.005 0.986 0.009 
151  96N0279    (0)   20 :  0.132 0.829 0.039 
152  96N0280    (0)   20 :  0.007 0.747 0.247 
153  96N0281    (0)   20 :  0.013 0.912 0.075 
154  96N0282    (0)   20 :  0.006 0.524 0.469 
155  96N0283    (0)   20 :  0.033 0.959 0.008 
156  96N0284    (0)   20 :  0.061 0.684 0.255 
157  96N0285    (0)   20 :  0.027 0.694 0.280 
158  96N0291    (0)   20 :  0.003 0.990 0.007 
159  96N0299    (0)   20 :  0.006 0.544 0.450 
160  96N0300    (0)   20 :  0.011 0.751 0.239 
161  01N4476    (0)    6 :  0.753 0.026 0.222 
162  01N4477    (0)    6 :  0.465 0.031 0.504 
163  02N1415    (0)    6 :  0.708 0.027 0.265 
164  02N1416    (0)    6 :  0.776 0.010 0.214 
165  02N1417    (0)    6 :  0.702 0.016 0.282 
166  02N1418    (1)    6 :  0.815 0.029 0.155 
167  02N1419    (0)    6 :  0.745 0.014 0.241 
168  02N1420    (2)    6 :  0.608 0.378 0.014 
169  02N1421    (0)    6 :  0.683 0.302 0.015 
170  02N1422    (0)    6 :  0.722 0.083 0.194 
171  97N6629    (0)    6 :  0.803 0.038 0.159 
172  97N6628    (0)    6 :  0.970 0.008 0.023 
173 06N35383    (0)   21 :  0.004 0.531 0.465 
174 09N17890    (0)   21 :  0.002 0.987 0.011 
175 09N18315    (0)   21 :  0.005 0.976 0.019 
176 10N16477    (0)   21 :  0.002 0.991 0.007 
177 10N16478    (0)   21 :  0.003 0.984 0.013 
178  02N1139    (0)   21 :  0.010 0.968 0.022 
179  02N1140    (0)   21 :  0.007 0.979 0.014 
180  03N4284    (0)   21 :  0.007 0.975 0.018 
181  03N6131    (0)   21 :  0.029 0.959 0.012 
182  03N6132    (0)   21 :  0.004 0.673 0.324 
183  04N7586    (0)   21 :  0.003 0.990 0.007 
184  04N7587    (0)   21 :  0.002 0.984 0.013 
185  04N7588    (0)   21 :  0.002 0.985 0.013 
186  05N5632    (0)   21 :  0.019 0.959 0.021 
187 09N17508    (0)   21 :  0.002 0.988 0.010 
188  97N6283    (0)   21 :  0.004 0.581 0.415 
189  97N6284    (0)   21 :  0.003 0.516 0.482 
190 07N28554    (0)    9 :  0.831 0.008 0.162 
191 07N28571    (0)    9 :  0.822 0.105 0.073 
192 07N28591    (0)    9 :  0.553 0.013 0.434 
193 07N28640    (0)    9 :  0.573 0.014 0.413 
194 07N28922    (0)    9 :  0.811 0.181 0.008 
195 08N21408    (0)    9 :  0.734 0.009 0.257 
196 08N21409    (0)    9 :  0.672 0.016 0.312 
197 08N21430    (0)    9 :  0.674 0.307 0.019 
198 08N21435    (0)    9 :  0.349 0.019 0.632 
199 08N21446    (0)    9 :  0.855 0.008 0.137 
200 08N21938    (0)    9 :  0.668 0.318 0.015 
201     7040    (0)   11 :  0.980 0.008 0.012 
202  98N3510    (0)    8 :  0.719 0.010 0.271 
203  98N3517    (0)    8 :  0.946 0.008 0.046 
204  98N3518    (0)    8 :  0.812 0.025 0.163 
205  98N3519    (0)    8 :  0.937 0.009 0.054 
206  98N3520    (0)    8 :  0.832 0.012 0.156 
207  98N3521    (0)    8 :  0.820 0.012 0.168 
208  00N5114    (0)   10 :  0.349 0.532 0.120 
209  00N5115    (0)   10 :  0.162 0.821 0.018 
210  00N5116    (0)   10 :  0.045 0.413 0.542 
211     3101    (0)    2 :  0.004 0.953 0.042 
212     3102    (0)    2 :  0.012 0.273 0.716 
213     3103    (1)    2 :  0.027 0.554 0.420 
214     3104    (0)    2 :  0.011 0.976 0.013 
215     3105    (0)    2 :  0.006 0.527 0.468 
216     3106    (0)    2 :  0.012 0.455 0.533 
217     3107    (0)    2 :  0.016 0.958 0.026 
218     3108    (0)    2 :  0.018 0.971 0.011 
219     3109    (0)    2 :  0.115 0.387 0.498 
220     7037    (0)   11 :  0.993 0.003 0.004 
221     7042    (1)   11 :  0.994 0.003 0.003 
222     7043    (0)   11 :  0.995 0.002 0.003 
223     7044    (0)   11 :  0.995 0.002 0.003 


Estimated Allele Frequencies in each cluster
First column gives estimated ancestral frequencies


Locus 1 : 
2 alleles
0.9% missing data
   3   (0.678) 0.239 0.820 0.960 
   4   (0.322) 0.761 0.180 0.040 

Locus 2 : 
2 alleles
0.0% missing data
   3   (0.726) 0.900 0.816 0.951 
   1   (0.274) 0.100 0.184 0.049 

Locus 3 : 
2 alleles
0.0% missing data
   1   (0.813) 0.999 0.154 0.983 
   4   (0.187) 0.001 0.846 0.017 

Locus 4 : 
2 alleles
0.0% missing data
   3   (0.778) 0.998 0.921 0.818 
   1   (0.222) 0.002 0.079 0.182 

Locus 5 : 
2 alleles
0.0% missing data
   2   (0.758) 0.991 0.900 0.911 
   4   (0.242) 0.009 0.100 0.089 

Locus 6 : 
2 alleles
0.4% missing data
   3   (0.801) 0.983 0.994 0.918 
   1   (0.199) 0.017 0.006 0.082 

Locus 7 : 
2 alleles
1.8% missing data
   4   (0.542) 0.667 0.562 0.594 
   2   (0.458) 0.333 0.438 0.406 

Locus 8 : 
2 alleles
0.0% missing data
   1   (0.516) 0.009 0.990 0.508 
   3   (0.484) 0.991 0.010 0.492 

Locus 9 : 
2 alleles
0.0% missing data
   3   (0.830) 0.995 0.980 0.969 
   1   (0.170) 0.005 0.020 0.031 

Locus 10 : 
2 alleles
0.0% missing data
   1   (0.468) 0.007 0.995 0.228 
   4   (0.532) 0.993 0.005 0.772 

Locus 11 : 
2 alleles
0.0% missing data
   3   (0.699) 0.981 0.862 0.800 
   1   (0.301) 0.019 0.138 0.200 

Locus 12 : 
2 alleles
0.0% missing data
   1   (0.680) 0.653 0.781 0.931 
   3   (0.320) 0.347 0.219 0.069 

Locus 13 : 
2 alleles
1.3% missing data
   2   (0.825) 0.989 0.983 0.978 
   4   (0.175) 0.011 0.017 0.022 

Locus 14 : 
2 alleles
0.0% missing data
   2   (0.752) 0.995 0.823 0.901 
   1   (0.248) 0.005 0.177 0.099 

Locus 15 : 
2 alleles
0.0% missing data
   1   (0.253) 0.002 0.983 0.021 
   2   (0.747) 0.998 0.017 0.979 

Locus 16 : 
2 alleles
0.0% missing data
   1   (0.805) 0.999 0.983 0.808 
   3   (0.195) 0.001 0.017 0.192 

Locus 17 : 
2 alleles
0.0% missing data
   2   (0.583) 0.979 0.562 0.374 
   4   (0.417) 0.021 0.438 0.626 

Locus 18 : 
2 alleles
0.0% missing data
   2   (0.771) 0.994 0.917 0.887 
   4   (0.229) 0.006 0.083 0.113 

Locus 19 : 
2 alleles
0.9% missing data
   3   (0.698) 0.944 0.903 0.850 
   1   (0.302) 0.056 0.097 0.150 

Locus 20 : 
2 alleles
0.0% missing data
   4   (0.732) 0.982 0.938 0.884 
   2   (0.268) 0.018 0.062 0.116 

Locus 21 : 
2 alleles
0.0% missing data
   2   (0.701) 0.932 0.838 0.903 
   4   (0.299) 0.068 0.162 0.097 

Locus 22 : 
2 alleles
0.0% missing data
   2   (0.828) 0.999 0.719 0.964 
   4   (0.172) 0.001 0.281 0.036 

Locus 23 : 
2 alleles
0.9% missing data
   2   (0.760) 0.984 0.941 0.907 
   4   (0.240) 0.016 0.059 0.093 

Locus 24 : 
2 alleles
0.0% missing data
   1   (0.459) 0.070 0.333 0.681 
   3   (0.541) 0.930 0.667 0.319 

Locus 25 : 
2 alleles
0.0% missing data
   1   (0.838) 0.999 0.670 0.977 
   3   (0.162) 0.001 0.330 0.023 

Locus 26 : 
2 alleles
0.0% missing data
   3   (0.786) 0.993 0.922 0.948 
   2   (0.214) 0.007 0.078 0.052 

Locus 27 : 
2 alleles
0.4% missing data
   4   (0.391) 0.038 0.160 0.554 
   2   (0.609) 0.962 0.840 0.446 

Locus 28 : 
2 alleles
0.0% missing data
   4   (0.424) 0.005 0.654 0.772 
   2   (0.576) 0.995 0.346 0.228 

Locus 29 : 
2 alleles
0.0% missing data
   3   (0.774) 0.996 0.939 0.892 
   1   (0.226) 0.004 0.061 0.108 

Locus 30 : 
2 alleles
0.9% missing data
   3   (0.364) 0.002 0.993 0.109 
   1   (0.636) 0.998 0.007 0.891 

Locus 31 : 
2 alleles
0.4% missing data
   2   (0.227) 0.002 0.970 0.017 
   4   (0.773) 0.998 0.030 0.983 

Locus 32 : 
2 alleles
0.4% missing data
   1   (0.808) 0.995 0.967 0.940 
   3   (0.192) 0.005 0.033 0.060 

Locus 33 : 
2 alleles
0.0% missing data
   4   (0.398) 0.002 0.660 0.759 
   2   (0.602) 0.998 0.340 0.241 

Locus 34 : 
2 alleles
0.0% missing data
   2   (0.779) 0.998 0.920 0.842 
   4   (0.221) 0.002 0.080 0.158 

Locus 35 : 
2 alleles
0.9% missing data
   4   (0.480) 0.005 0.900 0.807 
   1   (0.520) 0.995 0.100 0.193 

Locus 36 : 
2 alleles
0.0% missing data
   3   (0.711) 0.986 0.920 0.771 
   2   (0.289) 0.014 0.080 0.229 

Locus 37 : 
2 alleles
0.0% missing data
   4   (0.713) 0.941 0.965 0.834 
   2   (0.287) 0.059 0.035 0.166 

Locus 38 : 
2 alleles
0.0% missing data
   1   (0.640) 0.899 0.784 0.774 
   3   (0.360) 0.101 0.216 0.226 

Locus 39 : 
2 alleles
0.0% missing data
   4   (0.231) 0.002 0.923 0.031 
   2   (0.769) 0.998 0.077 0.969 

Locus 40 : 
2 alleles
1.3% missing data
   3   (0.711) 0.992 0.840 0.683 
   1   (0.289) 0.008 0.160 0.317 

Locus 41 : 
2 alleles
0.0% missing data
   1   (0.761) 0.996 0.935 0.829 
   3   (0.239) 0.004 0.065 0.171 

Locus 42 : 
2 alleles
0.0% missing data
   1   (0.803) 0.995 0.942 0.961 
   2   (0.197) 0.005 0.058 0.039 

Locus 43 : 
2 alleles
0.9% missing data
   1   (0.835) 0.995 0.997 0.844 
   3   (0.165) 0.005 0.003 0.156 

Locus 44 : 
2 alleles
0.0% missing data
   3   (0.755) 0.996 0.936 0.764 
   1   (0.245) 0.004 0.064 0.236 

Locus 45 : 
2 alleles
0.0% missing data
   3   (0.701) 0.206 0.988 0.883 
   1   (0.299) 0.794 0.012 0.117 

Locus 46 : 
2 alleles
0.0% missing data
   4   (0.864) 0.528 0.999 0.994 
   2   (0.136) 0.472 0.001 0.006 

Locus 47 : 
2 alleles
0.9% missing data
   4   (0.830) 0.805 0.994 0.984 
   3   (0.170) 0.195 0.006 0.016 

Locus 48 : 
2 alleles
0.0% missing data
   2   (0.753) 0.612 0.958 0.976 
   4   (0.247) 0.388 0.042 0.024 

Locus 49 : 
2 alleles
0.0% missing data
   3   (0.539) 0.129 0.936 0.549 
   1   (0.461) 0.871 0.064 0.451 

Locus 50 : 
2 alleles
0.4% missing data
   2   (0.460) 0.087 0.588 0.537 
   4   (0.540) 0.913 0.412 0.463 

Locus 51 : 
2 alleles
0.0% missing data
   1   (0.695) 0.867 0.897 0.895 
   3   (0.305) 0.133 0.103 0.105 

Locus 52 : 
2 alleles
0.0% missing data
   2   (0.880) 0.873 0.999 0.996 
   4   (0.120) 0.127 0.001 0.004 

Locus 53 : 
2 alleles
0.9% missing data
   1   (0.594) 0.048 0.987 0.571 
   3   (0.406) 0.952 0.013 0.429 

Locus 54 : 
2 alleles
0.0% missing data
   3   (0.703) 0.666 0.941 0.924 
   1   (0.297) 0.334 0.059 0.076 

Locus 55 : 
2 alleles
0.0% missing data
   2   (0.620) 0.278 0.935 0.799 
   4   (0.380) 0.722 0.065 0.201 

Locus 56 : 
2 alleles
0.0% missing data
   3   (0.721) 0.683 0.904 0.957 
   2   (0.279) 0.317 0.096 0.043 

Locus 57 : 
2 alleles
0.0% missing data
   2   (0.745) 0.983 0.873 0.929 
   1   (0.255) 0.017 0.127 0.071 

Locus 58 : 
2 alleles
0.0% missing data
   2   (0.759) 0.910 0.970 0.954 
   4   (0.241) 0.090 0.030 0.046 

Locus 59 : 
2 alleles
0.9% missing data
   3   (0.851) 0.342 0.999 0.990 
   4   (0.149) 0.658 0.001 0.010 

Locus 60 : 
2 alleles
0.0% missing data
   3   (0.792) 0.702 0.991 0.976 
   1   (0.208) 0.298 0.009 0.024 

Locus 61 : 
2 alleles
0.0% missing data
   2   (0.591) 0.084 0.827 0.883 
   4   (0.409) 0.916 0.173 0.117 

Locus 62 : 
2 alleles
0.0% missing data
   4   (0.541) 0.231 0.614 0.757 
   3   (0.459) 0.769 0.386 0.243 

Locus 63 : 
2 alleles
0.0% missing data
   3   (0.679) 0.591 0.949 0.892 
   1   (0.321) 0.409 0.051 0.108 

Locus 64 : 
2 alleles
0.4% missing data
   2   (0.565) 0.010 0.963 0.857 
   4   (0.435) 0.990 0.037 0.143 

Locus 65 : 
2 alleles
0.4% missing data
   2   (0.651) 0.951 0.807 0.751 
   4   (0.349) 0.049 0.193 0.249 

Locus 66 : 
2 alleles
0.0% missing data
   2   (0.757) 0.716 0.981 0.956 
   1   (0.243) 0.284 0.019 0.044 

Locus 67 : 
2 alleles
0.4% missing data
   3   (0.737) 0.651 0.972 0.952 
   1   (0.263) 0.349 0.028 0.048 

Locus 68 : 
2 alleles
0.4% missing data
   3   (0.779) 0.658 0.973 0.985 
   1   (0.221) 0.342 0.027 0.015 

Locus 69 : 
2 alleles
0.4% missing data
   2   (0.874) 0.756 0.999 0.995 
   1   (0.126) 0.244 0.001 0.005 

Locus 70 : 
2 alleles
0.0% missing data
   2   (0.630) 0.637 0.904 0.771 
   1   (0.370) 0.363 0.096 0.229 

Locus 71 : 
2 alleles
0.4% missing data
   4   (0.816) 0.778 0.992 0.988 
   2   (0.184) 0.222 0.008 0.012 

Locus 72 : 
2 alleles
0.0% missing data
   1   (0.335) 0.715 0.134 0.064 
   4   (0.665) 0.285 0.866 0.936 

Locus 73 : 
2 alleles
2.2% missing data
   2   (0.702) 0.746 0.952 0.897 
   4   (0.298) 0.254 0.048 0.103 

Locus 74 : 
2 alleles
0.4% missing data
   4   (0.780) 0.997 0.932 0.873 
   2   (0.220) 0.003 0.068 0.127 

Locus 75 : 
2 alleles
0.0% missing data
   4   (0.425) 0.126 0.268 0.490 
   2   (0.575) 0.874 0.732 0.510 

Locus 76 : 
2 alleles
0.4% missing data
   2   (0.698) 0.519 0.943 0.925 
   3   (0.302) 0.481 0.057 0.075 

Locus 77 : 
2 alleles
0.0% missing data
   2   (0.542) 0.010 0.990 0.591 
   4   (0.458) 0.990 0.010 0.409 

Locus 78 : 
2 alleles
0.4% missing data
   3   (0.697) 0.810 0.964 0.878 
   1   (0.303) 0.190 0.036 0.122 

Locus 79 : 
2 alleles
0.0% missing data
   4   (0.753) 0.785 0.934 0.974 
   2   (0.247) 0.215 0.066 0.026 

Locus 80 : 
2 alleles
0.4% missing data
   4   (0.528) 0.722 0.570 0.484 
   3   (0.472) 0.278 0.430 0.516 

Locus 81 : 
2 alleles
0.4% missing data
   1   (0.852) 0.516 0.999 0.991 
   3   (0.148) 0.484 0.001 0.009 

Locus 82 : 
2 alleles
0.4% missing data
   2   (0.712) 0.734 0.983 0.874 
   4   (0.288) 0.266 0.017 0.126 

Locus 83 : 
2 alleles
0.4% missing data
   4   (0.646) 0.321 0.837 0.905 
   3   (0.354) 0.679 0.163 0.095 

Locus 84 : 
2 alleles
0.0% missing data
   1   (0.818) 0.501 0.993 0.988 
   3   (0.182) 0.499 0.007 0.012 

Locus 85 : 
2 alleles
0.0% missing data
   2   (0.592) 0.931 0.607 0.601 
   3   (0.408) 0.069 0.393 0.399 

Locus 86 : 
2 alleles
0.9% missing data
   2   (0.783) 0.999 0.133 0.956 
   4   (0.217) 0.001 0.867 0.044 

Locus 87 : 
2 alleles
0.4% missing data
   3   (0.311) 0.005 0.988 0.033 
   1   (0.689) 0.995 0.012 0.967 

Locus 88 : 
2 alleles
0.0% missing data
   3   (0.872) 0.745 0.999 0.995 
   2   (0.128) 0.255 0.001 0.005 

Locus 89 : 
2 alleles
0.0% missing data
   3   (0.779) 0.458 0.998 0.935 
   2   (0.221) 0.542 0.002 0.065 

Locus 90 : 
2 alleles
0.0% missing data
   4   (0.686) 0.324 0.952 0.930 
   2   (0.314) 0.676 0.048 0.070 

Locus 91 : 
2 alleles
0.4% missing data
   1   (0.785) 0.705 0.996 0.948 
   3   (0.215) 0.295 0.004 0.052 

Locus 92 : 
2 alleles
0.0% missing data
   2   (0.656) 0.157 0.949 0.903 
   4   (0.344) 0.843 0.051 0.097 

Locus 93 : 
2 alleles
0.4% missing data
   2   (0.693) 0.910 0.922 0.862 
   4   (0.307) 0.090 0.078 0.138 

Locus 94 : 
2 alleles
0.0% missing data
   3   (0.676) 0.611 0.880 0.909 
   1   (0.324) 0.389 0.120 0.091 

Locus 95 : 
2 alleles
0.0% missing data
   4   (0.666) 0.532 0.951 0.858 
   2   (0.334) 0.468 0.049 0.142 

Locus 96 : 
2 alleles
1.8% missing data
   2   (0.809) 0.484 0.988 0.991 
   4   (0.191) 0.516 0.012 0.009 

Values of parameters used in structure:
DATAFILE=96snps_breeding.str,	OUTFILE=K3.4,	NUMINDS=223,	NUMLOCI=96,	MISSING=-9,	LABEL=1,	POPDATA=1,	POPFLAG=0,	PHENOTYPE=0,	EXTRACOLS=0,	MAXPOPS=3,	BURNIN=20000,	NUMREPS=50000,	USEPOPINFO=0,	INFERALPHA=1,	INFERLAMBDA=0,	POPSPECIFICLAMBDA=0,	POPALPHAS=0,	COMPUTEPROB=1,	NOADMIX=0,	ADMBURNIN=500,	UPDATEFREQ=100,	PRINTLIKES=0,	INTERMEDSAVE=0,	PRINTKLD=0,	PRINTNET=1,	PRINTLAMBDA=1,	ANCESTDIST=0,	NUMBOXES=1000,	ANCESTPINT=0.90000,	GENSBACK=2,	MIGRPRIOR=0.01000,	PRINTQHAT=0,	PRINTQSUM=1,	ALPHA=1.0000,	FREQSCORR=1,	FPRIORMEAN=0.0100,	FPRIORSD=0.0500,	ONEFST=0,	LAMBDA=1.0000,	UNIFPRIORALPHA=1,	ALPHAMAX=10.0000,	ALPHAPRIORA=1.0000,	ALPHAPRIORB=2.0000,	ALPHAPROPSD=0.0250,	STARTATPOPINFO=0,	RANDOMIZE=1,	LINKAGE=0,	METROFREQ=10,	REPORTHITRATE=0,	MARKOVPHASE=0,	PHASED=0,	PLOIDY=2,	PHASEINFO=0	LOCPRIOR=0, 	LOCPRIORINIT=1.000000, 	LOCDATA=0, 	LOCISPOP=1, 	LOCPRIORSTEP=0.100000, 	MAXLOCPRIOR=20.000000, 	SEED=1493848062,	
[STRAT parameters]:    NUMSIMSTATS=1000,	PHENOTYPECOL=-9,	POOLFREQ=10,	LOCUSxONLY=0,	EMERROR=0.00100,	MISSINGPHENO=-9,	