

----------------------------------------------------
STRUCTURE by Pritchard, Stephens and Donnelly (2000)
     and Falush, Stephens and Pritchard (2003)
       Code by Pritchard, Falush and Hubisz
             Version 2.3.4 (Jul 2012)
----------------------------------------------------



Command line arguments:   /Users/Rachael/Documents/programs/structure/structure -K 3 -o K3.5 
Input File:    96snps_breeding.str

Run parameters:
   223 individuals
   96 loci
   3 populations assumed
   20000 Burn-in period
   50000 Reps


--------------------------------------------
Proportion of membership of each pre-defined
 population in each of the 3 clusters

Given    Inferred Clusters       Number of
 Pop       1      2      3      Individuals

  1:     0.018  0.659  0.323       12
  2:     0.023  0.673  0.304        9
  3:     0.013  0.978  0.009        8
  4:     0.047  0.829  0.123       20
  5:     0.978  0.007  0.015        6
  6:     0.728  0.082  0.190       12
  7:     0.973  0.022  0.006       11
  8:     0.884  0.023  0.093       17
  9:     0.682  0.091  0.227       11
 10:     0.097  0.755  0.148       22
 11:     0.990  0.004  0.007        7
 12:     0.882  0.086  0.033        5
 13:     0.022  0.842  0.137       10
 14:     0.971  0.008  0.020       17
 15:     0.939  0.018  0.043        9
 16:     0.006  0.900  0.094        1
 17:     0.011  0.963  0.026        9
 18:     0.903  0.063  0.034        8
 20:     0.026  0.795  0.179       12
 21:     0.006  0.885  0.108       17
--------------------------------------------

Allele-freq. divergence among pops (Net nucleotide distance),
computed using point estimates of P.

      1       2       3      
 1      -    0.2220  0.1296  
 2   0.2220     -    0.0838  
 3   0.1296  0.0838     -    

Average distances (expected heterozygosity) between individuals in same cluster:
cluster  1  : 0.2007 
cluster  2  : 0.1576 
cluster  3  : 0.2054 

--------------------------------------------
Estimated Ln Prob of Data   = -14114.7
Mean value of ln likelihood = -13965.2
Variance of ln likelihood   = 299.0
Mean value of alpha         = 0.1267

Mean value of Fst_1         = 0.4964
Mean value of Fst_2         = 0.4530
Mean value of Fst_3         = 0.3457


Inferred ancestry of individuals:
        Label (%Miss) Pop:  Inferred clusters
  1  96N0117    (2)    1 :  0.077 0.486 0.437 
  2  97N6723   (10)    1 :  0.027 0.807 0.166 
  3  97N5321    (0)    1 :  0.004 0.775 0.221 
  4  97N5322    (0)    1 :  0.002 0.987 0.011 
  5  97N5323    (0)    1 :  0.012 0.494 0.494 
  6  97N5324    (6)    1 :  0.008 0.963 0.029 
  7  97N5325    (0)    1 :  0.003 0.983 0.014 
  8  97N5327    (0)    1 :  0.013 0.298 0.689 
  9  97N5328    (0)    1 :  0.026 0.448 0.526 
 10  97N5329    (1)    1 :  0.014 0.392 0.595 
 11  97N5330    (0)    1 :  0.022 0.828 0.149 
 12  97N5331    (6)    1 :  0.007 0.452 0.541 
 13 07N13314    (0)    3 :  0.003 0.992 0.006 
 14 07N13315    (0)    3 :  0.003 0.991 0.006 
 15 07N13316    (0)    3 :  0.015 0.976 0.008 
 16 07N13317    (0)    3 :  0.003 0.992 0.005 
 17 07N13545    (0)    3 :  0.005 0.987 0.008 
 18 07N13546    (0)    3 :  0.051 0.940 0.009 
 19 07N13547    (0)    3 :  0.009 0.975 0.016 
 20 07N13548    (0)    3 :  0.013 0.971 0.015 
 21  05N4604    (0)    4 :  0.009 0.618 0.373 
 22  05N4605    (0)    4 :  0.010 0.983 0.006 
 23  05N4607    (0)    4 :  0.010 0.655 0.335 
 24  05N4608    (0)    4 :  0.034 0.935 0.032 
 25  05N4610   (12)    4 :  0.034 0.749 0.217 
 26  05N4624    (0)    4 :  0.003 0.992 0.005 
 27  05N4625    (0)    4 :  0.008 0.676 0.316 
 28  05N4627    (0)    4 :  0.004 0.989 0.007 
 29  05N4628    (2)    4 :  0.209 0.529 0.262 
 30  09N1347    (0)    4 :  0.236 0.738 0.026 
 31  09N1348    (1)    4 :  0.124 0.866 0.010 
 32  01N7123    (1)    4 :  0.002 0.989 0.009 
 33  01N7124    (0)    4 :  0.004 0.987 0.009 
 34  01N7125    (0)    4 :  0.091 0.897 0.012 
 35  01N7126    (0)    4 :  0.006 0.833 0.161 
 36  01N7127    (1)    4 :  0.116 0.717 0.167 
 37  01N7128    (0)    4 :  0.005 0.974 0.020 
 38  01N7129    (0)    4 :  0.013 0.810 0.177 
 39  01N7130    (0)    4 :  0.010 0.910 0.080 
 40  13N0516    (0)    4 :  0.013 0.740 0.246 
 41  02N9746    (0)    5 :  0.955 0.015 0.030 
 42 06N29507    (0)    5 :  0.967 0.008 0.025 
 43 06N29508    (0)    5 :  0.983 0.006 0.011 
 44 07N21016    (0)    5 :  0.992 0.003 0.005 
 45 07N21027    (2)    5 :  0.976 0.008 0.016 
 46 07N34099    (0)    5 :  0.993 0.003 0.004 
 47  99N0522    (0)   18 :  0.825 0.019 0.156 
 48  99N0524    (0)   18 :  0.972 0.008 0.021 
 49  99N0525    (0)   18 :  0.991 0.003 0.006 
 50  99N0526    (0)   18 :  0.932 0.014 0.054 
 51  99N0527    (1)   18 :  0.719 0.276 0.004 
 52  99N0528    (0)   18 :  0.977 0.008 0.015 
 53  99N0529    (0)   18 :  0.824 0.170 0.006 
 54  99N0530    (0)   18 :  0.983 0.008 0.009 
 55     7038    (1)   11 :  0.978 0.007 0.016 
 56 07N18309    (0)   12 :  0.986 0.004 0.010 
 57 07N18343    (2)   12 :  0.610 0.376 0.013 
 58 07N18346    (0)   12 :  0.959 0.016 0.025 
 59 07N18356    (0)   12 :  0.931 0.011 0.058 
 60 07N18361    (0)   12 :  0.922 0.021 0.057 
 61  00N5172    (0)   10 :  0.213 0.717 0.070 
 62  00N5173    (0)   10 :  0.148 0.799 0.053 
 63  11N3234    (0)   10 :  0.094 0.631 0.275 
 64  12N2944    (0)   10 :  0.110 0.881 0.009 
 65  00N5171    (0)   10 :  0.250 0.549 0.201 
 66  11N3237    (0)   10 :  0.051 0.423 0.526 
 67  11N3238    (0)   10 :  0.177 0.796 0.027 
 68  11N3239    (0)   10 :  0.089 0.900 0.011 
 69  11N3240    (0)   10 :  0.018 0.687 0.295 
 70  02N2288    (0)   10 :  0.024 0.755 0.221 
 71  02N2289    (1)   10 :  0.003 0.991 0.006 
 72  02N2292    (2)   10 :  0.030 0.964 0.006 
 73  05N5315    (0)   10 :  0.005 0.990 0.006 
 74 03N0775.    (0)   10 :  0.039 0.616 0.345 
 75  03N0776    (0)   10 :  0.025 0.914 0.061 
 76  03N0777    (0)   10 :  0.006 0.827 0.168 
 77  03N0778    (0)   10 :  0.098 0.836 0.066 
 78  03N0782    (0)   10 :  0.073 0.919 0.008 
 79  03N0798    (0)   10 :  0.129 0.656 0.215 
 80  03N6168    (0)   13 :  0.009 0.611 0.380 
 81  03N6169    (0)   13 :  0.009 0.985 0.007 
 82  03N6176    (0)   13 :  0.048 0.934 0.019 
 83  03N6177    (0)   13 :  0.008 0.982 0.011 
 84  03N6178    (0)   13 :  0.007 0.633 0.360 
 85  97N6797    (0)   13 :  0.032 0.941 0.027 
 86  97N6798    (0)   13 :  0.003 0.970 0.027 
 87  97N6799    (0)   13 :  0.023 0.897 0.079 
 88  97N6800    (0)   13 :  0.074 0.874 0.052 
 89  97N6801    (0)   13 :  0.007 0.589 0.404 
 90  97N5259    (0)   14 :  0.972 0.006 0.022 
 91  97N5262    (0)   14 :  0.887 0.029 0.084 
 92  97N5267    (0)   14 :  0.969 0.007 0.025 
 93  97N5268    (0)   14 :  0.979 0.005 0.015 
 94  97N5269    (0)   14 :  0.985 0.007 0.008 
 95  99N0688    (0)   14 :  0.989 0.004 0.007 
 96  00N5322    (1)   14 :  0.989 0.004 0.007 
 97  99N1162    (0)   14 :  0.986 0.005 0.009 
 98  06N4619    (0)   14 :  0.986 0.004 0.010 
 99  06N4628    (0)   14 :  0.991 0.004 0.005 
100  06N4633    (0)   14 :  0.959 0.024 0.017 
101  06N4634    (0)   14 :  0.990 0.003 0.007 
102  06N4635    (0)   14 :  0.900 0.012 0.088 
103  99N1157    (0)   14 :  0.992 0.003 0.005 
104  99N1159    (1)   14 :  0.992 0.003 0.004 
105  99N1160    (0)   14 :  0.992 0.003 0.005 
106  99N1161    (0)   14 :  0.957 0.015 0.027 
107  14N0241    (0)   15 :  0.953 0.032 0.015 
108  14N0242    (0)   15 :  0.991 0.003 0.005 
109  14N0282    (0)   15 :  0.938 0.030 0.032 
110  14N0283    (0)   15 :  0.924 0.059 0.017 
111  14N0284    (0)   15 :  0.853 0.009 0.138 
112  14N0285    (0)   15 :  0.946 0.007 0.047 
113  14N0286    (0)   15 :  0.984 0.004 0.011 
114  15N0132    (0)   15 :  0.963 0.010 0.027 
115  15N0192    (0)   15 :  0.900 0.010 0.090 
116  08N1182    (0)   16 :  0.006 0.900 0.094 
117     7039    (0)   11 :  0.995 0.002 0.003 
118  02N8790    (0)    8 :  0.837 0.016 0.147 
119  02N8792    (0)    8 :  0.932 0.011 0.057 
120  02N8801    (1)    8 :  0.933 0.008 0.059 
121  02N8803    (0)    8 :  0.975 0.006 0.019 
122  02N8805    (0)    8 :  0.778 0.218 0.004 
123  02N8807    (0)    8 :  0.957 0.007 0.036 
124  02N8811    (0)    8 :  0.973 0.007 0.020 
125  02N8816    (0)    8 :  0.768 0.009 0.224 
126  02N8827    (0)    8 :  0.988 0.004 0.008 
127  02N8829    (1)    8 :  0.949 0.013 0.038 
128 08N23341    (0)    8 :  0.896 0.026 0.079 
129  05N8693    (0)   17 :  0.005 0.987 0.008 
130  06N0762    (0)   17 :  0.024 0.913 0.063 
131  06N1404    (0)   17 :  0.005 0.965 0.031 
132  06N1475    (0)   17 :  0.034 0.888 0.078 
133  07N1314    (0)   17 :  0.003 0.990 0.007 
134  08N1304    (0)   17 :  0.008 0.983 0.009 
135  08N1379    (0)   17 :  0.005 0.975 0.020 
136  08N1663    (0)   17 :  0.003 0.990 0.006 
137  08N1665    (0)   17 :  0.008 0.975 0.016 
138  00N5479    (0)    7 :  0.995 0.002 0.003 
139  00N5480    (0)    7 :  0.970 0.013 0.017 
140  00N5481    (0)    7 :  0.994 0.003 0.004 
141  00N5482    (0)    7 :  0.995 0.002 0.003 
142  00N5483    (0)    7 :  0.991 0.004 0.005 
143  00N5484    (0)    7 :  0.995 0.002 0.003 
144  00N5485    (0)    7 :  0.798 0.199 0.004 
145  00N5486    (0)    7 :  0.992 0.003 0.004 
146 08N22058    (0)    7 :  0.985 0.004 0.012 
147 10N16953    (0)    7 :  0.992 0.003 0.005 
148 10N16968    (0)    7 :  0.994 0.003 0.003 
149  96N0277    (0)   20 :  0.007 0.887 0.106 
150  96N0278    (0)   20 :  0.005 0.986 0.009 
151  96N0279    (0)   20 :  0.132 0.831 0.037 
152  96N0280    (0)   20 :  0.008 0.747 0.245 
153  96N0281    (0)   20 :  0.015 0.913 0.072 
154  96N0282    (0)   20 :  0.006 0.532 0.462 
155  96N0283    (0)   20 :  0.034 0.959 0.007 
156  96N0284    (0)   20 :  0.060 0.690 0.249 
157  96N0285    (0)   20 :  0.025 0.699 0.277 
158  96N0291    (0)   20 :  0.003 0.990 0.007 
159  96N0299    (0)   20 :  0.005 0.553 0.441 
160  96N0300    (0)   20 :  0.010 0.753 0.236 
161  01N4476    (0)    6 :  0.749 0.026 0.225 
162  01N4477    (0)    6 :  0.466 0.039 0.495 
163  02N1415    (0)    6 :  0.705 0.027 0.269 
164  02N1416    (0)    6 :  0.770 0.010 0.221 
165  02N1417    (0)    6 :  0.694 0.016 0.290 
166  02N1418    (1)    6 :  0.816 0.030 0.154 
167  02N1419    (0)    6 :  0.737 0.012 0.251 
168  02N1420    (2)    6 :  0.609 0.377 0.015 
169  02N1421    (0)    6 :  0.682 0.304 0.014 
170  02N1422    (0)    6 :  0.726 0.094 0.179 
171  97N6629    (0)    6 :  0.807 0.044 0.148 
172  97N6628    (0)    6 :  0.971 0.008 0.022 
173 06N35383    (0)   21 :  0.004 0.539 0.457 
174 09N17890    (0)   21 :  0.002 0.988 0.010 
175 09N18315    (0)   21 :  0.005 0.974 0.021 
176 10N16477    (0)   21 :  0.002 0.991 0.006 
177 10N16478    (0)   21 :  0.003 0.983 0.014 
178  02N1139    (0)   21 :  0.009 0.966 0.024 
179  02N1140    (0)   21 :  0.007 0.977 0.016 
180  03N4284    (0)   21 :  0.007 0.976 0.017 
181  03N6131    (0)   21 :  0.030 0.959 0.011 
182  03N6132    (0)   21 :  0.004 0.680 0.317 
183  04N7586    (0)   21 :  0.003 0.989 0.007 
184  04N7587    (0)   21 :  0.002 0.985 0.013 
185  04N7588    (0)   21 :  0.002 0.985 0.012 
186  05N5632    (0)   21 :  0.020 0.958 0.023 
187 09N17508    (0)   21 :  0.002 0.990 0.008 
188  97N6283    (0)   21 :  0.005 0.585 0.410 
189  97N6284    (0)   21 :  0.003 0.528 0.470 
190 07N28554    (0)    9 :  0.830 0.007 0.162 
191 07N28571    (0)    9 :  0.824 0.109 0.067 
192 07N28591    (0)    9 :  0.545 0.011 0.445 
193 07N28640    (0)    9 :  0.566 0.013 0.421 
194 07N28922    (0)    9 :  0.811 0.182 0.008 
195 08N21408    (0)    9 :  0.724 0.009 0.268 
196 08N21409    (0)    9 :  0.672 0.017 0.311 
197 08N21430    (0)    9 :  0.676 0.308 0.017 
198 08N21435    (0)    9 :  0.343 0.021 0.636 
199 08N21446    (0)    9 :  0.850 0.007 0.143 
200 08N21938    (0)    9 :  0.667 0.319 0.014 
201     7040    (0)   11 :  0.979 0.007 0.013 
202  98N3510    (0)    8 :  0.713 0.008 0.280 
203  98N3517    (0)    8 :  0.941 0.008 0.051 
204  98N3518    (0)    8 :  0.810 0.024 0.166 
205  98N3519    (0)    8 :  0.937 0.010 0.054 
206  98N3520    (0)    8 :  0.830 0.011 0.159 
207  98N3521    (0)    8 :  0.815 0.011 0.174 
208  00N5114    (0)   10 :  0.339 0.523 0.138 
209  00N5115    (0)   10 :  0.162 0.819 0.019 
210  00N5116    (0)   10 :  0.042 0.415 0.543 
211     3101    (0)    2 :  0.005 0.951 0.044 
212     3102    (0)    2 :  0.011 0.282 0.708 
213     3103    (1)    2 :  0.025 0.552 0.423 
214     3104    (0)    2 :  0.011 0.975 0.014 
215     3105    (0)    2 :  0.006 0.531 0.463 
216     3106    (0)    2 :  0.011 0.452 0.537 
217     3107    (0)    2 :  0.016 0.958 0.026 
218     3108    (0)    2 :  0.018 0.970 0.012 
219     3109    (0)    2 :  0.109 0.383 0.508 
220     7037    (0)   11 :  0.993 0.003 0.004 
221     7042    (1)   11 :  0.994 0.003 0.003 
222     7043    (0)   11 :  0.995 0.002 0.003 
223     7044    (0)   11 :  0.995 0.002 0.003 


Estimated Allele Frequencies in each cluster
First column gives estimated ancestral frequencies


Locus 1 : 
2 alleles
0.9% missing data
   3   (0.680) 0.238 0.820 0.959 
   4   (0.320) 0.762 0.180 0.041 

Locus 2 : 
2 alleles
0.0% missing data
   3   (0.729) 0.900 0.817 0.951 
   1   (0.271) 0.100 0.183 0.049 

Locus 3 : 
2 alleles
0.0% missing data
   1   (0.814) 0.999 0.155 0.983 
   4   (0.186) 0.001 0.845 0.017 

Locus 4 : 
2 alleles
0.0% missing data
   3   (0.779) 0.998 0.921 0.818 
   1   (0.221) 0.002 0.079 0.182 

Locus 5 : 
2 alleles
0.0% missing data
   2   (0.758) 0.991 0.901 0.906 
   4   (0.242) 0.009 0.099 0.094 

Locus 6 : 
2 alleles
0.4% missing data
   3   (0.799) 0.983 0.994 0.917 
   1   (0.201) 0.017 0.006 0.083 

Locus 7 : 
2 alleles
1.8% missing data
   4   (0.544) 0.667 0.562 0.600 
   2   (0.456) 0.333 0.438 0.400 

Locus 8 : 
2 alleles
0.0% missing data
   1   (0.514) 0.009 0.990 0.495 
   3   (0.486) 0.991 0.010 0.505 

Locus 9 : 
2 alleles
0.0% missing data
   3   (0.829) 0.995 0.980 0.969 
   1   (0.171) 0.005 0.020 0.031 

Locus 10 : 
2 alleles
0.0% missing data
   1   (0.461) 0.007 0.994 0.220 
   4   (0.539) 0.993 0.006 0.780 

Locus 11 : 
2 alleles
0.0% missing data
   3   (0.698) 0.981 0.862 0.803 
   1   (0.302) 0.019 0.138 0.197 

Locus 12 : 
2 alleles
0.0% missing data
   1   (0.682) 0.653 0.782 0.929 
   3   (0.318) 0.347 0.218 0.071 

Locus 13 : 
2 alleles
1.3% missing data
   2   (0.825) 0.989 0.983 0.976 
   4   (0.175) 0.011 0.017 0.024 

Locus 14 : 
2 alleles
0.0% missing data
   2   (0.754) 0.995 0.824 0.901 
   1   (0.246) 0.005 0.176 0.099 

Locus 15 : 
2 alleles
0.0% missing data
   1   (0.247) 0.002 0.982 0.021 
   2   (0.753) 0.998 0.018 0.979 

Locus 16 : 
2 alleles
0.0% missing data
   1   (0.804) 0.999 0.983 0.809 
   3   (0.196) 0.001 0.017 0.191 

Locus 17 : 
2 alleles
0.0% missing data
   2   (0.586) 0.980 0.561 0.381 
   4   (0.414) 0.020 0.439 0.619 

Locus 18 : 
2 alleles
0.0% missing data
   2   (0.773) 0.995 0.917 0.886 
   4   (0.227) 0.005 0.083 0.114 

Locus 19 : 
2 alleles
0.9% missing data
   3   (0.696) 0.945 0.903 0.847 
   1   (0.304) 0.055 0.097 0.153 

Locus 20 : 
2 alleles
0.0% missing data
   4   (0.734) 0.982 0.937 0.889 
   2   (0.266) 0.018 0.063 0.111 

Locus 21 : 
2 alleles
0.0% missing data
   2   (0.702) 0.932 0.838 0.903 
   4   (0.298) 0.068 0.162 0.097 

Locus 22 : 
2 alleles
0.0% missing data
   2   (0.829) 0.999 0.720 0.965 
   4   (0.171) 0.001 0.280 0.035 

Locus 23 : 
2 alleles
0.9% missing data
   2   (0.762) 0.984 0.940 0.908 
   4   (0.238) 0.016 0.060 0.092 

Locus 24 : 
2 alleles
0.0% missing data
   1   (0.458) 0.069 0.332 0.690 
   3   (0.542) 0.931 0.668 0.310 

Locus 25 : 
2 alleles
0.0% missing data
   1   (0.839) 0.999 0.671 0.977 
   3   (0.161) 0.001 0.329 0.023 

Locus 26 : 
2 alleles
0.0% missing data
   3   (0.787) 0.993 0.922 0.950 
   2   (0.213) 0.007 0.078 0.050 

Locus 27 : 
2 alleles
0.4% missing data
   4   (0.390) 0.038 0.160 0.560 
   2   (0.610) 0.962 0.840 0.440 

Locus 28 : 
2 alleles
0.0% missing data
   4   (0.424) 0.005 0.656 0.761 
   2   (0.576) 0.995 0.344 0.239 

Locus 29 : 
2 alleles
0.0% missing data
   3   (0.775) 0.996 0.938 0.894 
   1   (0.225) 0.004 0.062 0.106 

Locus 30 : 
2 alleles
0.9% missing data
   3   (0.360) 0.002 0.993 0.106 
   1   (0.640) 0.998 0.007 0.894 

Locus 31 : 
2 alleles
0.4% missing data
   2   (0.220) 0.002 0.969 0.017 
   4   (0.780) 0.998 0.031 0.983 

Locus 32 : 
2 alleles
0.4% missing data
   1   (0.811) 0.996 0.967 0.939 
   3   (0.189) 0.004 0.033 0.061 

Locus 33 : 
2 alleles
0.0% missing data
   4   (0.396) 0.003 0.661 0.746 
   2   (0.604) 0.997 0.339 0.254 

Locus 34 : 
2 alleles
0.0% missing data
   2   (0.783) 0.998 0.919 0.844 
   4   (0.217) 0.002 0.081 0.156 

Locus 35 : 
2 alleles
0.9% missing data
   4   (0.477) 0.005 0.900 0.795 
   1   (0.523) 0.995 0.100 0.205 

Locus 36 : 
2 alleles
0.0% missing data
   3   (0.711) 0.986 0.920 0.770 
   2   (0.289) 0.014 0.080 0.230 

Locus 37 : 
2 alleles
0.0% missing data
   4   (0.714) 0.941 0.965 0.836 
   2   (0.286) 0.059 0.035 0.164 

Locus 38 : 
2 alleles
0.0% missing data
   1   (0.641) 0.898 0.783 0.780 
   3   (0.359) 0.102 0.217 0.220 

Locus 39 : 
2 alleles
0.0% missing data
   4   (0.230) 0.002 0.923 0.031 
   2   (0.770) 0.998 0.077 0.969 

Locus 40 : 
2 alleles
1.3% missing data
   3   (0.713) 0.992 0.840 0.680 
   1   (0.287) 0.008 0.160 0.320 

Locus 41 : 
2 alleles
0.0% missing data
   1   (0.766) 0.996 0.936 0.825 
   3   (0.234) 0.004 0.064 0.175 

Locus 42 : 
2 alleles
0.0% missing data
   1   (0.808) 0.996 0.942 0.960 
   2   (0.192) 0.004 0.058 0.040 

Locus 43 : 
2 alleles
0.9% missing data
   1   (0.837) 0.996 0.997 0.842 
   3   (0.163) 0.004 0.003 0.158 

Locus 44 : 
2 alleles
0.0% missing data
   3   (0.755) 0.996 0.936 0.767 
   1   (0.245) 0.004 0.064 0.233 

Locus 45 : 
2 alleles
0.0% missing data
   3   (0.699) 0.205 0.988 0.878 
   1   (0.301) 0.795 0.012 0.122 

Locus 46 : 
2 alleles
0.0% missing data
   4   (0.866) 0.527 0.999 0.994 
   2   (0.134) 0.473 0.001 0.006 

Locus 47 : 
2 alleles
0.9% missing data
   4   (0.828) 0.805 0.994 0.983 
   3   (0.172) 0.195 0.006 0.017 

Locus 48 : 
2 alleles
0.0% missing data
   2   (0.755) 0.612 0.958 0.975 
   4   (0.245) 0.388 0.042 0.025 

Locus 49 : 
2 alleles
0.0% missing data
   3   (0.537) 0.129 0.937 0.538 
   1   (0.463) 0.871 0.063 0.462 

Locus 50 : 
2 alleles
0.4% missing data
   2   (0.460) 0.087 0.588 0.535 
   4   (0.540) 0.913 0.412 0.465 

Locus 51 : 
2 alleles
0.0% missing data
   1   (0.699) 0.867 0.897 0.895 
   3   (0.301) 0.133 0.103 0.105 

Locus 52 : 
2 alleles
0.0% missing data
   2   (0.882) 0.873 0.999 0.996 
   4   (0.118) 0.127 0.001 0.004 

Locus 53 : 
2 alleles
0.9% missing data
   1   (0.590) 0.049 0.988 0.558 
   3   (0.410) 0.951 0.012 0.442 

Locus 54 : 
2 alleles
0.0% missing data
   3   (0.705) 0.665 0.942 0.921 
   1   (0.295) 0.335 0.058 0.079 

Locus 55 : 
2 alleles
0.0% missing data
   2   (0.618) 0.278 0.936 0.790 
   4   (0.382) 0.722 0.064 0.210 

Locus 56 : 
2 alleles
0.0% missing data
   3   (0.720) 0.682 0.904 0.957 
   2   (0.280) 0.318 0.096 0.043 

Locus 57 : 
2 alleles
0.0% missing data
   2   (0.748) 0.983 0.873 0.929 
   1   (0.252) 0.017 0.127 0.071 

Locus 58 : 
2 alleles
0.0% missing data
   2   (0.761) 0.910 0.970 0.953 
   4   (0.239) 0.090 0.030 0.047 

Locus 59 : 
2 alleles
0.9% missing data
   3   (0.850) 0.341 0.999 0.989 
   4   (0.150) 0.659 0.001 0.011 

Locus 60 : 
2 alleles
0.0% missing data
   3   (0.793) 0.702 0.991 0.975 
   1   (0.207) 0.298 0.009 0.025 

Locus 61 : 
2 alleles
0.0% missing data
   2   (0.591) 0.084 0.827 0.880 
   4   (0.409) 0.916 0.173 0.120 

Locus 62 : 
2 alleles
0.0% missing data
   4   (0.541) 0.231 0.615 0.753 
   3   (0.459) 0.769 0.385 0.247 

Locus 63 : 
2 alleles
0.0% missing data
   3   (0.679) 0.590 0.949 0.892 
   1   (0.321) 0.410 0.051 0.108 

Locus 64 : 
2 alleles
0.4% missing data
   2   (0.562) 0.009 0.964 0.843 
   4   (0.438) 0.991 0.036 0.157 

Locus 65 : 
2 alleles
0.4% missing data
   2   (0.651) 0.951 0.807 0.752 
   4   (0.349) 0.049 0.193 0.248 

Locus 66 : 
2 alleles
0.0% missing data
   2   (0.758) 0.715 0.981 0.954 
   1   (0.242) 0.285 0.019 0.046 

Locus 67 : 
2 alleles
0.4% missing data
   3   (0.736) 0.650 0.971 0.951 
   1   (0.264) 0.350 0.029 0.049 

Locus 68 : 
2 alleles
0.4% missing data
   3   (0.781) 0.657 0.973 0.984 
   1   (0.219) 0.343 0.027 0.016 

Locus 69 : 
2 alleles
0.4% missing data
   2   (0.876) 0.755 0.999 0.995 
   1   (0.124) 0.245 0.001 0.005 

Locus 70 : 
2 alleles
0.0% missing data
   2   (0.628) 0.636 0.903 0.775 
   1   (0.372) 0.364 0.097 0.225 

Locus 71 : 
2 alleles
0.4% missing data
   4   (0.816) 0.778 0.992 0.987 
   2   (0.184) 0.222 0.008 0.013 

Locus 72 : 
2 alleles
0.0% missing data
   1   (0.333) 0.715 0.134 0.066 
   4   (0.667) 0.285 0.866 0.934 

Locus 73 : 
2 alleles
2.2% missing data
   2   (0.701) 0.746 0.952 0.897 
   4   (0.299) 0.254 0.048 0.103 

Locus 74 : 
2 alleles
0.4% missing data
   4   (0.784) 0.997 0.932 0.872 
   2   (0.216) 0.003 0.068 0.128 

Locus 75 : 
2 alleles
0.0% missing data
   4   (0.425) 0.125 0.268 0.491 
   2   (0.575) 0.875 0.732 0.509 

Locus 76 : 
2 alleles
0.4% missing data
   2   (0.697) 0.519 0.944 0.921 
   3   (0.303) 0.481 0.056 0.079 

Locus 77 : 
2 alleles
0.0% missing data
   2   (0.547) 0.010 0.991 0.580 
   4   (0.453) 0.990 0.009 0.420 

Locus 78 : 
2 alleles
0.4% missing data
   3   (0.699) 0.810 0.964 0.878 
   1   (0.301) 0.190 0.036 0.122 

Locus 79 : 
2 alleles
0.0% missing data
   4   (0.756) 0.784 0.934 0.973 
   2   (0.244) 0.216 0.066 0.027 

Locus 80 : 
2 alleles
0.4% missing data
   4   (0.527) 0.723 0.570 0.482 
   3   (0.473) 0.277 0.430 0.518 

Locus 81 : 
2 alleles
0.4% missing data
   1   (0.855) 0.515 0.999 0.991 
   3   (0.145) 0.485 0.001 0.009 

Locus 82 : 
2 alleles
0.4% missing data
   2   (0.711) 0.734 0.982 0.873 
   4   (0.289) 0.266 0.018 0.127 

Locus 83 : 
2 alleles
0.4% missing data
   4   (0.644) 0.320 0.838 0.902 
   3   (0.356) 0.680 0.162 0.098 

Locus 84 : 
2 alleles
0.0% missing data
   1   (0.816) 0.501 0.993 0.988 
   3   (0.184) 0.499 0.007 0.012 

Locus 85 : 
2 alleles
0.0% missing data
   2   (0.589) 0.932 0.607 0.603 
   3   (0.411) 0.068 0.393 0.397 

Locus 86 : 
2 alleles
0.9% missing data
   2   (0.785) 0.999 0.132 0.959 
   4   (0.215) 0.001 0.868 0.041 

Locus 87 : 
2 alleles
0.4% missing data
   3   (0.311) 0.005 0.987 0.035 
   1   (0.689) 0.995 0.013 0.965 

Locus 88 : 
2 alleles
0.0% missing data
   3   (0.874) 0.745 0.999 0.995 
   2   (0.126) 0.255 0.001 0.005 

Locus 89 : 
2 alleles
0.0% missing data
   3   (0.781) 0.457 0.998 0.934 
   2   (0.219) 0.543 0.002 0.066 

Locus 90 : 
2 alleles
0.0% missing data
   4   (0.691) 0.323 0.951 0.932 
   2   (0.309) 0.677 0.049 0.068 

Locus 91 : 
2 alleles
0.4% missing data
   1   (0.787) 0.705 0.996 0.947 
   3   (0.213) 0.295 0.004 0.053 

Locus 92 : 
2 alleles
0.0% missing data
   2   (0.655) 0.157 0.950 0.894 
   4   (0.345) 0.843 0.050 0.106 

Locus 93 : 
2 alleles
0.4% missing data
   2   (0.696) 0.910 0.922 0.863 
   4   (0.304) 0.090 0.078 0.137 

Locus 94 : 
2 alleles
0.0% missing data
   3   (0.677) 0.610 0.880 0.907 
   1   (0.323) 0.390 0.120 0.093 

Locus 95 : 
2 alleles
0.0% missing data
   4   (0.668) 0.532 0.952 0.854 
   2   (0.332) 0.468 0.048 0.146 

Locus 96 : 
2 alleles
1.8% missing data
   2   (0.813) 0.483 0.988 0.991 
   4   (0.187) 0.517 0.012 0.009 

Values of parameters used in structure:
DATAFILE=96snps_breeding.str,	OUTFILE=K3.5,	NUMINDS=223,	NUMLOCI=96,	MISSING=-9,	LABEL=1,	POPDATA=1,	POPFLAG=0,	PHENOTYPE=0,	EXTRACOLS=0,	MAXPOPS=3,	BURNIN=20000,	NUMREPS=50000,	USEPOPINFO=0,	INFERALPHA=1,	INFERLAMBDA=0,	POPSPECIFICLAMBDA=0,	POPALPHAS=0,	COMPUTEPROB=1,	NOADMIX=0,	ADMBURNIN=500,	UPDATEFREQ=100,	PRINTLIKES=0,	INTERMEDSAVE=0,	PRINTKLD=0,	PRINTNET=1,	PRINTLAMBDA=1,	ANCESTDIST=0,	NUMBOXES=1000,	ANCESTPINT=0.90000,	GENSBACK=2,	MIGRPRIOR=0.01000,	PRINTQHAT=0,	PRINTQSUM=1,	ALPHA=1.0000,	FREQSCORR=1,	FPRIORMEAN=0.0100,	FPRIORSD=0.0500,	ONEFST=0,	LAMBDA=1.0000,	UNIFPRIORALPHA=1,	ALPHAMAX=10.0000,	ALPHAPRIORA=1.0000,	ALPHAPRIORB=2.0000,	ALPHAPROPSD=0.0250,	STARTATPOPINFO=0,	RANDOMIZE=1,	LINKAGE=0,	METROFREQ=10,	REPORTHITRATE=0,	MARKOVPHASE=0,	PHASED=0,	PLOIDY=2,	PHASEINFO=0	LOCPRIOR=0, 	LOCPRIORINIT=1.000000, 	LOCDATA=0, 	LOCISPOP=1, 	LOCPRIORSTEP=0.100000, 	MAXLOCPRIOR=20.000000, 	SEED=1493848208,	
[STRAT parameters]:    NUMSIMSTATS=1000,	PHENOTYPECOL=-9,	POOLFREQ=10,	LOCUSxONLY=0,	EMERROR=0.00100,	MISSINGPHENO=-9,	