

----------------------------------------------------
STRUCTURE by Pritchard, Stephens and Donnelly (2000)
     and Falush, Stephens and Pritchard (2003)
       Code by Pritchard, Falush and Hubisz
             Version 2.3.4 (Jul 2012)
----------------------------------------------------



Command line arguments:   /Users/Rachael/Documents/programs/structure/structure -K 4 -o K4.2 
Input File:    96snps_breeding.str

Run parameters:
   223 individuals
   96 loci
   4 populations assumed
   20000 Burn-in period
   50000 Reps


--------------------------------------------
Proportion of membership of each pre-defined
 population in each of the 4 clusters

Given    Inferred Clusters              Number of
 Pop       1      2      3      4      Individuals

  1:     0.036  0.191  0.045  0.729       12
  2:     0.046  0.253  0.174  0.527        9
  3:     0.007  0.010  0.962  0.022        8
  4:     0.042  0.149  0.675  0.134       20
  5:     0.979  0.011  0.005  0.005        6
  6:     0.736  0.184  0.066  0.014       12
  7:     0.973  0.004  0.015  0.008       11
  8:     0.904  0.058  0.018  0.020       17
  9:     0.716  0.181  0.074  0.029       11
 10:     0.094  0.177  0.670  0.060       22
 11:     0.990  0.004  0.003  0.003        7
 12:     0.884  0.023  0.081  0.012        5
 13:     0.013  0.214  0.708  0.066       10
 14:     0.974  0.015  0.006  0.005       17
 15:     0.955  0.020  0.012  0.013        9
 16:     0.004  0.143  0.839  0.014        1
 17:     0.008  0.028  0.876  0.089        9
 18:     0.903  0.031  0.052  0.014        8
 20:     0.020  0.227  0.668  0.085       12
 21:     0.004  0.132  0.435  0.428       17
--------------------------------------------

Allele-freq. divergence among pops (Net nucleotide distance),
computed using point estimates of P.

      1       2       3       4      
 1      -    0.1472  0.2112  0.2401  
 2   0.1472     -    0.0644  0.0782  
 3   0.2112  0.0644     -    0.0260  
 4   0.2401  0.0782  0.0260     -    

Average distances (expected heterozygosity) between individuals in same cluster:
cluster  1  : 0.2022 
cluster  2  : 0.1608 
cluster  3  : 0.1441 
cluster  4  : 0.2192 

--------------------------------------------
Estimated Ln Prob of Data   = -13981.6
Mean value of ln likelihood = -13772.2
Variance of ln likelihood   = 418.8
Mean value of alpha         = 0.0984

Mean value of Fst_1         = 0.5525
Mean value of Fst_2         = 0.4339
Mean value of Fst_3         = 0.3727
Mean value of Fst_4         = 0.3001


Inferred ancestry of individuals:
        Label (%Miss) Pop:  Inferred clusters
  1  96N0117    (2)    1 :  0.104 0.277 0.019 0.600 
  2  97N6723   (10)    1 :  0.032 0.064 0.205 0.699 
  3  97N5321    (0)    1 :  0.004 0.006 0.012 0.977 
  4  97N5322    (0)    1 :  0.002 0.007 0.066 0.924 
  5  97N5323    (0)    1 :  0.040 0.277 0.010 0.672 
  6  97N5324    (6)    1 :  0.010 0.005 0.066 0.919 
  7  97N5325    (0)    1 :  0.002 0.007 0.076 0.915 
  8  97N5327    (0)    1 :  0.039 0.626 0.017 0.318 
  9  97N5328    (0)    1 :  0.107 0.233 0.016 0.643 
 10  97N5329    (1)    1 :  0.052 0.423 0.018 0.507 
 11  97N5330    (0)    1 :  0.012 0.006 0.018 0.963 
 12  97N5331    (6)    1 :  0.023 0.360 0.011 0.606 
 13 07N13314    (0)    3 :  0.002 0.005 0.983 0.009 
 14 07N13315    (0)    3 :  0.002 0.008 0.964 0.026 
 15 07N13316    (0)    3 :  0.009 0.010 0.958 0.023 
 16 07N13317    (0)    3 :  0.002 0.006 0.937 0.055 
 17 07N13545    (0)    3 :  0.003 0.011 0.972 0.014 
 18 07N13546    (0)    3 :  0.025 0.007 0.960 0.008 
 19 07N13547    (0)    3 :  0.005 0.019 0.968 0.008 
 20 07N13548    (0)    3 :  0.009 0.010 0.952 0.028 
 21  05N4604    (0)    4 :  0.006 0.485 0.378 0.131 
 22  05N4605    (0)    4 :  0.007 0.009 0.955 0.029 
 23  05N4607    (0)    4 :  0.007 0.429 0.491 0.073 
 24  05N4608    (0)    4 :  0.026 0.038 0.851 0.085 
 25  05N4610   (12)    4 :  0.027 0.288 0.555 0.130 
 26  05N4624    (0)    4 :  0.002 0.006 0.977 0.015 
 27  05N4625    (0)    4 :  0.005 0.442 0.540 0.014 
 28  05N4627    (0)    4 :  0.003 0.006 0.978 0.013 
 29  05N4628    (2)    4 :  0.247 0.270 0.104 0.380 
 30  09N1347    (0)    4 :  0.217 0.047 0.670 0.066 
 31  09N1348    (1)    4 :  0.101 0.008 0.846 0.045 
 32  01N7123    (1)    4 :  0.002 0.010 0.757 0.232 
 33  01N7124    (0)    4 :  0.003 0.011 0.962 0.024 
 34  01N7125    (0)    4 :  0.070 0.015 0.797 0.119 
 35  01N7126    (0)    4 :  0.004 0.272 0.475 0.250 
 36  01N7127    (1)    4 :  0.082 0.218 0.691 0.010 
 37  01N7128    (0)    4 :  0.003 0.038 0.922 0.037 
 38  01N7129    (0)    4 :  0.004 0.274 0.713 0.009 
 39  01N7130    (0)    4 :  0.007 0.100 0.786 0.108 
 40  13N0516    (0)    4 :  0.014 0.017 0.058 0.910 
 41  02N9746    (0)    5 :  0.956 0.027 0.010 0.008 
 42 06N29507    (0)    5 :  0.972 0.017 0.007 0.004 
 43 06N29508    (0)    5 :  0.983 0.009 0.004 0.003 
 44 07N21016    (0)    5 :  0.991 0.003 0.003 0.002 
 45 07N21027    (2)    5 :  0.980 0.007 0.005 0.008 
 46 07N34099    (0)    5 :  0.993 0.003 0.002 0.002 
 47  99N0522    (0)   18 :  0.833 0.146 0.009 0.012 
 48  99N0524    (0)   18 :  0.971 0.018 0.006 0.005 
 49  99N0525    (0)   18 :  0.991 0.004 0.003 0.002 
 50  99N0526    (0)   18 :  0.935 0.048 0.011 0.006 
 51  99N0527    (1)   18 :  0.706 0.004 0.278 0.012 
 52  99N0528    (0)   18 :  0.971 0.018 0.006 0.004 
 53  99N0529    (0)   18 :  0.830 0.005 0.103 0.063 
 54  99N0530    (0)   18 :  0.983 0.006 0.004 0.007 
 55     7038    (1)   11 :  0.982 0.007 0.005 0.006 
 56 07N18309    (0)   12 :  0.988 0.006 0.003 0.003 
 57 07N18343    (2)   12 :  0.598 0.020 0.363 0.018 
 58 07N18346    (0)   12 :  0.968 0.004 0.007 0.020 
 59 07N18356    (0)   12 :  0.941 0.039 0.008 0.012 
 60 07N18361    (0)   12 :  0.924 0.047 0.024 0.005 
 61  00N5172    (0)   10 :  0.195 0.083 0.707 0.015 
 62  00N5173    (0)   10 :  0.151 0.032 0.771 0.046 
 63  11N3234    (0)   10 :  0.056 0.401 0.530 0.014 
 64  12N2944    (0)   10 :  0.086 0.008 0.835 0.071 
 65  00N5171    (0)   10 :  0.280 0.133 0.505 0.082 
 66  11N3237    (0)   10 :  0.077 0.607 0.216 0.100 
 67  11N3238    (0)   10 :  0.147 0.052 0.777 0.024 
 68  11N3239    (0)   10 :  0.072 0.011 0.834 0.083 
 69  11N3240    (0)   10 :  0.010 0.397 0.567 0.025 
 70  02N2288    (0)   10 :  0.010 0.325 0.642 0.023 
 71  02N2289    (1)   10 :  0.002 0.005 0.722 0.271 
 72  02N2292    (2)   10 :  0.019 0.005 0.925 0.050 
 73  05N5315    (0)   10 :  0.003 0.008 0.976 0.013 
 74 03N0775.    (0)   10 :  0.031 0.485 0.462 0.022 
 75  03N0776    (0)   10 :  0.019 0.062 0.891 0.028 
 76  03N0777    (0)   10 :  0.002 0.313 0.671 0.015 
 77  03N0778    (0)   10 :  0.097 0.054 0.830 0.018 
 78  03N0782    (0)   10 :  0.059 0.008 0.845 0.088 
 79  03N0798    (0)   10 :  0.164 0.182 0.532 0.121 
 80  03N6168    (0)   13 :  0.006 0.617 0.337 0.040 
 81  03N6169    (0)   13 :  0.007 0.008 0.943 0.042 
 82  03N6176    (0)   13 :  0.024 0.019 0.918 0.039 
 83  03N6177    (0)   13 :  0.004 0.009 0.977 0.010 
 84  03N6178    (0)   13 :  0.005 0.495 0.398 0.102 
 85  97N6797    (0)   13 :  0.020 0.036 0.929 0.016 
 86  97N6798    (0)   13 :  0.003 0.040 0.592 0.366 
 87  97N6799    (0)   13 :  0.009 0.153 0.825 0.013 
 88  97N6800    (0)   13 :  0.043 0.125 0.823 0.008 
 89  97N6801    (0)   13 :  0.005 0.636 0.337 0.022 
 90  97N5259    (0)   14 :  0.977 0.013 0.005 0.004 
 91  97N5262    (0)   14 :  0.883 0.085 0.018 0.014 
 92  97N5267    (0)   14 :  0.977 0.014 0.005 0.005 
 93  97N5268    (0)   14 :  0.984 0.009 0.003 0.003 
 94  97N5269    (0)   14 :  0.985 0.005 0.005 0.005 
 95  99N0688    (0)   14 :  0.989 0.005 0.004 0.003 
 96  00N5322    (1)   14 :  0.990 0.005 0.003 0.002 
 97  99N1162    (0)   14 :  0.986 0.006 0.004 0.003 
 98  06N4619    (0)   14 :  0.989 0.005 0.003 0.003 
 99  06N4628    (0)   14 :  0.990 0.004 0.003 0.003 
100  06N4633    (0)   14 :  0.953 0.023 0.017 0.006 
101  06N4634    (0)   14 :  0.991 0.004 0.003 0.003 
102  06N4635    (0)   14 :  0.931 0.045 0.011 0.012 
103  99N1157    (0)   14 :  0.991 0.004 0.003 0.002 
104  99N1159    (1)   14 :  0.992 0.003 0.003 0.002 
105  99N1160    (0)   14 :  0.991 0.004 0.003 0.002 
106  99N1161    (0)   14 :  0.957 0.024 0.012 0.007 
107  14N0241    (0)   15 :  0.959 0.011 0.019 0.011 
108  14N0242    (0)   15 :  0.991 0.004 0.003 0.002 
109  14N0282    (0)   15 :  0.938 0.032 0.018 0.013 
110  14N0283    (0)   15 :  0.928 0.012 0.042 0.018 
111  14N0284    (0)   15 :  0.924 0.050 0.008 0.018 
112  14N0285    (0)   15 :  0.962 0.023 0.005 0.010 
113  14N0286    (0)   15 :  0.987 0.007 0.003 0.004 
114  15N0132    (0)   15 :  0.961 0.025 0.007 0.007 
115  15N0192    (0)   15 :  0.946 0.015 0.005 0.033 
116  08N1182    (0)   16 :  0.004 0.143 0.839 0.014 
117     7039    (0)   11 :  0.994 0.003 0.002 0.002 
118  02N8790    (0)    8 :  0.845 0.125 0.010 0.020 
119  02N8792    (0)    8 :  0.936 0.050 0.009 0.005 
120  02N8801    (1)    8 :  0.950 0.032 0.005 0.012 
121  02N8803    (0)    8 :  0.981 0.010 0.005 0.004 
122  02N8805    (0)    8 :  0.779 0.003 0.162 0.056 
123  02N8807    (0)    8 :  0.976 0.012 0.005 0.007 
124  02N8811    (0)    8 :  0.979 0.011 0.005 0.005 
125  02N8816    (0)    8 :  0.787 0.197 0.007 0.009 
126  02N8827    (0)    8 :  0.989 0.005 0.003 0.002 
127  02N8829    (1)    8 :  0.954 0.026 0.012 0.008 
128 08N23341    (0)    8 :  0.889 0.084 0.021 0.007 
129  05N8693    (0)   17 :  0.003 0.008 0.977 0.012 
130  06N0762    (0)   17 :  0.016 0.041 0.841 0.102 
131  06N1404    (0)   17 :  0.003 0.058 0.893 0.045 
132  06N1475    (0)   17 :  0.025 0.081 0.831 0.063 
133  07N1314    (0)   17 :  0.002 0.007 0.976 0.014 
134  08N1304    (0)   17 :  0.004 0.010 0.939 0.047 
135  08N1379    (0)   17 :  0.003 0.015 0.559 0.424 
136  08N1663    (0)   17 :  0.003 0.007 0.968 0.023 
137  08N1665    (0)   17 :  0.010 0.022 0.901 0.067 
138  00N5479    (0)    7 :  0.995 0.002 0.002 0.002 
139  00N5480    (0)    7 :  0.965 0.016 0.012 0.006 
140  00N5481    (0)    7 :  0.993 0.003 0.002 0.002 
141  00N5482    (0)    7 :  0.994 0.002 0.002 0.002 
142  00N5483    (0)    7 :  0.991 0.004 0.003 0.002 
143  00N5484    (0)    7 :  0.995 0.002 0.002 0.001 
144  00N5485    (0)    7 :  0.801 0.003 0.135 0.062 
145  00N5486    (0)    7 :  0.991 0.004 0.003 0.002 
146 08N22058    (0)    7 :  0.988 0.006 0.003 0.003 
147 10N16953    (0)    7 :  0.991 0.004 0.003 0.002 
148 10N16968    (0)    7 :  0.994 0.002 0.002 0.002 
149  96N0277    (0)   20 :  0.004 0.153 0.792 0.051 
150  96N0278    (0)   20 :  0.005 0.011 0.895 0.088 
151  96N0279    (0)   20 :  0.122 0.045 0.766 0.067 
152  96N0280    (0)   20 :  0.013 0.061 0.283 0.643 
153  96N0281    (0)   20 :  0.006 0.105 0.883 0.007 
154  96N0282    (0)   20 :  0.004 0.648 0.310 0.038 
155  96N0283    (0)   20 :  0.021 0.005 0.955 0.019 
156  96N0284    (0)   20 :  0.033 0.344 0.588 0.036 
157  96N0285    (0)   20 :  0.020 0.311 0.641 0.027 
158  96N0291    (0)   20 :  0.002 0.008 0.971 0.019 
159  96N0299    (0)   20 :  0.003 0.658 0.325 0.014 
160  96N0300    (0)   20 :  0.005 0.369 0.609 0.016 
161  01N4476    (0)    6 :  0.741 0.235 0.019 0.005 
162  01N4477    (0)    6 :  0.474 0.507 0.012 0.006 
163  02N1415    (0)    6 :  0.710 0.264 0.019 0.007 
164  02N1416    (0)    6 :  0.820 0.158 0.011 0.010 
165  02N1417    (0)    6 :  0.728 0.246 0.015 0.011 
166  02N1418    (1)    6 :  0.804 0.169 0.019 0.008 
167  02N1419    (0)    6 :  0.755 0.229 0.010 0.006 
168  02N1420    (2)    6 :  0.604 0.019 0.352 0.026 
169  02N1421    (0)    6 :  0.681 0.016 0.252 0.050 
170  02N1422    (0)    6 :  0.708 0.234 0.049 0.009 
171  97N6629    (0)    6 :  0.830 0.114 0.025 0.031 
172  97N6628    (0)    6 :  0.975 0.014 0.006 0.005 
173 06N35383    (0)   21 :  0.003 0.593 0.197 0.207 
174 09N17890    (0)   21 :  0.002 0.016 0.492 0.490 
175 09N18315    (0)   21 :  0.003 0.021 0.573 0.403 
176 10N16477    (0)   21 :  0.002 0.008 0.367 0.623 
177 10N16478    (0)   21 :  0.002 0.010 0.311 0.676 
178  02N1139    (0)   21 :  0.004 0.012 0.273 0.711 
179  02N1140    (0)   21 :  0.005 0.009 0.692 0.294 
180  03N4284    (0)   21 :  0.005 0.008 0.354 0.633 
181  03N6131    (0)   21 :  0.019 0.014 0.848 0.119 
182  03N6132    (0)   21 :  0.003 0.429 0.433 0.135 
183  04N7586    (0)   21 :  0.003 0.007 0.819 0.171 
184  04N7587    (0)   21 :  0.002 0.019 0.593 0.385 
185  04N7588    (0)   21 :  0.002 0.022 0.584 0.392 
186  05N5632    (0)   21 :  0.012 0.008 0.141 0.839 
187 09N17508    (0)   21 :  0.002 0.009 0.574 0.415 
188  97N6283    (0)   21 :  0.004 0.460 0.044 0.492 
189  97N6284    (0)   21 :  0.002 0.599 0.107 0.291 
190 07N28554    (0)    9 :  0.909 0.049 0.006 0.036 
191 07N28571    (0)    9 :  0.797 0.135 0.054 0.013 
192 07N28591    (0)    9 :  0.593 0.384 0.011 0.012 
193 07N28640    (0)    9 :  0.614 0.351 0.014 0.021 
194 07N28922    (0)    9 :  0.807 0.008 0.155 0.030 
195 08N21408    (0)    9 :  0.773 0.200 0.007 0.020 
196 08N21409    (0)    9 :  0.739 0.214 0.020 0.026 
197 08N21430    (0)    9 :  0.678 0.018 0.221 0.083 
198 08N21435    (0)    9 :  0.390 0.575 0.014 0.021 
199 08N21446    (0)    9 :  0.919 0.041 0.006 0.034 
200 08N21938    (0)    9 :  0.655 0.012 0.308 0.024 
201     7040    (0)   11 :  0.981 0.009 0.006 0.004 
202  98N3510    (0)    8 :  0.744 0.237 0.007 0.012 
203  98N3517    (0)    8 :  0.966 0.017 0.008 0.010 
204  98N3518    (0)    8 :  0.859 0.054 0.014 0.072 
205  98N3519    (0)    8 :  0.962 0.020 0.007 0.011 
206  98N3520    (0)    8 :  0.896 0.025 0.010 0.069 
207  98N3521    (0)    8 :  0.877 0.082 0.017 0.024 
208  00N5114    (0)   10 :  0.358 0.088 0.487 0.067 
209  00N5115    (0)   10 :  0.152 0.017 0.802 0.029 
210  00N5116    (0)   10 :  0.073 0.614 0.204 0.109 
211     3101    (0)    2 :  0.004 0.035 0.527 0.434 
212     3102    (0)    2 :  0.021 0.635 0.014 0.330 
213     3103    (1)    2 :  0.097 0.357 0.112 0.434 
214     3104    (0)    2 :  0.007 0.006 0.248 0.740 
215     3105    (0)    2 :  0.006 0.466 0.024 0.503 
216     3106    (0)    2 :  0.032 0.442 0.023 0.503 
217     3107    (0)    2 :  0.005 0.012 0.121 0.862 
218     3108    (0)    2 :  0.018 0.007 0.435 0.540 
219     3109    (0)    2 :  0.220 0.316 0.064 0.400 
220     7037    (0)   11 :  0.992 0.003 0.003 0.002 
221     7042    (1)   11 :  0.994 0.003 0.002 0.002 
222     7043    (0)   11 :  0.994 0.002 0.002 0.002 
223     7044    (0)   11 :  0.994 0.002 0.002 0.002 


Estimated Allele Frequencies in each cluster
First column gives estimated ancestral frequencies


Locus 1 : 
2 alleles
0.9% missing data
   3   (0.717) 0.248 0.949 0.766 0.940 
   4   (0.283) 0.752 0.051 0.234 0.060 

Locus 2 : 
2 alleles
0.0% missing data
   3   (0.707) 0.902 0.972 0.876 0.648 
   1   (0.293) 0.098 0.028 0.124 0.352 

Locus 3 : 
2 alleles
0.0% missing data
   1   (0.564) 0.998 0.973 0.184 0.076 
   4   (0.436) 0.002 0.027 0.816 0.924 

Locus 4 : 
2 alleles
0.0% missing data
   3   (0.778) 0.999 0.832 0.965 0.786 
   1   (0.222) 0.001 0.168 0.035 0.214 

Locus 5 : 
2 alleles
0.0% missing data
   2   (0.756) 0.991 0.925 0.911 0.851 
   4   (0.244) 0.009 0.075 0.089 0.149 

Locus 6 : 
2 alleles
0.4% missing data
   3   (0.855) 0.983 0.926 0.992 0.988 
   1   (0.145) 0.017 0.074 0.008 0.012 

Locus 7 : 
2 alleles
1.8% missing data
   4   (0.522) 0.668 0.604 0.613 0.420 
   2   (0.478) 0.332 0.396 0.387 0.580 

Locus 8 : 
2 alleles
0.0% missing data
   1   (0.673) 0.007 0.809 0.992 0.785 
   3   (0.327) 0.993 0.191 0.008 0.215 

Locus 9 : 
2 alleles
0.0% missing data
   3   (0.847) 0.996 0.964 0.990 0.950 
   1   (0.153) 0.004 0.036 0.010 0.050 

Locus 10 : 
2 alleles
0.0% missing data
   1   (0.728) 0.007 0.361 0.994 0.962 
   4   (0.272) 0.993 0.639 0.006 0.038 

Locus 11 : 
2 alleles
0.0% missing data
   3   (0.699) 0.979 0.885 0.931 0.618 
   1   (0.301) 0.021 0.115 0.069 0.382 

Locus 12 : 
2 alleles
0.0% missing data
   1   (0.680) 0.660 0.915 0.759 0.840 
   3   (0.320) 0.340 0.085 0.241 0.160 

Locus 13 : 
2 alleles
1.3% missing data
   2   (0.840) 0.989 0.991 0.988 0.949 
   4   (0.160) 0.011 0.009 0.012 0.051 

Locus 14 : 
2 alleles
0.0% missing data
   2   (0.735) 0.995 0.930 0.851 0.721 
   1   (0.265) 0.005 0.070 0.149 0.279 

Locus 15 : 
2 alleles
0.0% missing data
   1   (0.626) 0.003 0.051 0.983 0.968 
   2   (0.374) 0.997 0.949 0.017 0.032 

Locus 16 : 
2 alleles
0.0% missing data
   1   (0.849) 0.999 0.852 0.993 0.915 
   3   (0.151) 0.001 0.148 0.007 0.085 

Locus 17 : 
2 alleles
0.0% missing data
   2   (0.543) 0.980 0.386 0.648 0.345 
   4   (0.457) 0.020 0.614 0.352 0.655 

Locus 18 : 
2 alleles
0.0% missing data
   2   (0.812) 0.995 0.986 0.977 0.672 
   4   (0.188) 0.005 0.014 0.023 0.328 

Locus 19 : 
2 alleles
0.9% missing data
   3   (0.721) 0.941 0.887 0.901 0.871 
   1   (0.279) 0.059 0.113 0.099 0.129 

Locus 20 : 
2 alleles
0.0% missing data
   4   (0.761) 0.981 0.943 0.951 0.854 
   2   (0.239) 0.019 0.057 0.049 0.146 

Locus 21 : 
2 alleles
0.0% missing data
   2   (0.709) 0.931 0.954 0.887 0.684 
   4   (0.291) 0.069 0.046 0.113 0.316 

Locus 22 : 
2 alleles
0.0% missing data
   2   (0.764) 0.999 0.982 0.782 0.513 
   4   (0.236) 0.001 0.018 0.218 0.487 

Locus 23 : 
2 alleles
0.9% missing data
   2   (0.768) 0.982 0.927 0.962 0.862 
   4   (0.232) 0.018 0.073 0.038 0.138 

Locus 24 : 
2 alleles
0.0% missing data
   1   (0.447) 0.083 0.576 0.290 0.505 
   3   (0.553) 0.917 0.424 0.710 0.495 

Locus 25 : 
2 alleles
0.0% missing data
   1   (0.749) 0.999 0.982 0.753 0.424 
   3   (0.251) 0.001 0.018 0.247 0.576 

Locus 26 : 
2 alleles
0.0% missing data
   3   (0.799) 0.993 0.979 0.964 0.789 
   2   (0.201) 0.007 0.021 0.036 0.211 

Locus 27 : 
2 alleles
0.4% missing data
   4   (0.381) 0.053 0.224 0.088 0.620 
   2   (0.619) 0.947 0.776 0.912 0.380 

Locus 28 : 
2 alleles
0.0% missing data
   4   (0.536) 0.006 0.805 0.554 0.858 
   2   (0.464) 0.994 0.195 0.446 0.142 

Locus 29 : 
2 alleles
0.0% missing data
   3   (0.791) 0.997 0.863 0.947 0.932 
   1   (0.209) 0.003 0.137 0.053 0.068 

Locus 30 : 
2 alleles
0.9% missing data
   3   (0.703) 0.004 0.267 0.993 0.967 
   1   (0.297) 0.996 0.733 0.007 0.033 

Locus 31 : 
2 alleles
0.4% missing data
   2   (0.565) 0.003 0.040 0.970 0.951 
   4   (0.435) 0.997 0.960 0.030 0.049 

Locus 32 : 
2 alleles
0.4% missing data
   1   (0.856) 0.995 0.980 0.996 0.847 
   3   (0.144) 0.005 0.020 0.004 0.153 

Locus 33 : 
2 alleles
0.0% missing data
   4   (0.523) 0.003 0.815 0.553 0.861 
   2   (0.477) 0.997 0.185 0.447 0.139 

Locus 34 : 
2 alleles
0.0% missing data
   2   (0.783) 0.998 0.912 0.938 0.809 
   4   (0.217) 0.002 0.088 0.062 0.191 

Locus 35 : 
2 alleles
0.9% missing data
   4   (0.629) 0.005 0.956 0.912 0.774 
   1   (0.371) 0.995 0.044 0.088 0.226 

Locus 36 : 
2 alleles
0.0% missing data
   3   (0.723) 0.984 0.825 0.941 0.816 
   2   (0.277) 0.016 0.175 0.059 0.184 

Locus 37 : 
2 alleles
0.0% missing data
   4   (0.781) 0.937 0.902 0.993 0.838 
   2   (0.219) 0.063 0.098 0.007 0.162 

Locus 38 : 
2 alleles
0.0% missing data
   1   (0.642) 0.900 0.779 0.801 0.720 
   3   (0.358) 0.100 0.221 0.199 0.280 

Locus 39 : 
2 alleles
0.0% missing data
   4   (0.530) 0.004 0.093 0.896 0.946 
   2   (0.470) 0.996 0.907 0.104 0.054 

Locus 40 : 
2 alleles
1.3% missing data
   3   (0.680) 0.983 0.859 0.915 0.484 
   1   (0.320) 0.017 0.141 0.085 0.516 

Locus 41 : 
2 alleles
0.0% missing data
   1   (0.780) 0.994 0.961 0.957 0.755 
   3   (0.220) 0.006 0.039 0.043 0.245 

Locus 42 : 
2 alleles
0.0% missing data
   1   (0.839) 0.996 0.960 0.924 0.979 
   2   (0.161) 0.004 0.040 0.076 0.021 

Locus 43 : 
2 alleles
0.9% missing data
   1   (0.882) 0.996 0.993 0.998 0.849 
   3   (0.118) 0.004 0.007 0.002 0.151 

Locus 44 : 
2 alleles
0.0% missing data
   3   (0.768) 0.996 0.856 0.977 0.736 
   1   (0.232) 0.004 0.144 0.023 0.264 

Locus 45 : 
2 alleles
0.0% missing data
   3   (0.789) 0.207 0.964 0.979 0.948 
   1   (0.211) 0.793 0.036 0.021 0.052 

Locus 46 : 
2 alleles
0.0% missing data
   4   (0.913) 0.533 0.997 0.999 0.996 
   2   (0.087) 0.467 0.003 0.001 0.004 

Locus 47 : 
2 alleles
0.9% missing data
   4   (0.869) 0.809 0.993 0.988 0.987 
   3   (0.131) 0.191 0.007 0.012 0.013 

Locus 48 : 
2 alleles
0.0% missing data
   2   (0.829) 0.616 0.989 0.942 0.985 
   4   (0.171) 0.384 0.011 0.058 0.015 

Locus 49 : 
2 alleles
0.0% missing data
   3   (0.691) 0.115 0.871 0.985 0.625 
   1   (0.309) 0.885 0.129 0.015 0.375 

Locus 50 : 
2 alleles
0.4% missing data
   2   (0.524) 0.090 0.461 0.532 0.781 
   4   (0.476) 0.910 0.539 0.468 0.219 

Locus 51 : 
2 alleles
0.0% missing data
   1   (0.722) 0.864 0.940 0.911 0.833 
   3   (0.278) 0.136 0.060 0.089 0.167 

Locus 52 : 
2 alleles
0.0% missing data
   2   (0.919) 0.875 0.998 0.999 0.996 
   4   (0.081) 0.125 0.002 0.001 0.004 

Locus 53 : 
2 alleles
0.9% missing data
   1   (0.693) 0.044 0.719 0.984 0.870 
   3   (0.307) 0.956 0.281 0.016 0.130 

Locus 54 : 
2 alleles
0.0% missing data
   3   (0.757) 0.669 0.916 0.937 0.954 
   1   (0.243) 0.331 0.084 0.063 0.046 

Locus 55 : 
2 alleles
0.0% missing data
   2   (0.708) 0.275 0.937 0.920 0.862 
   4   (0.292) 0.725 0.063 0.080 0.138 

Locus 56 : 
2 alleles
0.0% missing data
   3   (0.741) 0.685 0.976 0.915 0.857 
   2   (0.259) 0.315 0.024 0.085 0.143 

Locus 57 : 
2 alleles
0.0% missing data
   2   (0.732) 0.984 0.924 0.898 0.800 
   1   (0.268) 0.016 0.076 0.102 0.200 

Locus 58 : 
2 alleles
0.0% missing data
   2   (0.826) 0.910 0.970 0.958 0.984 
   4   (0.174) 0.090 0.030 0.042 0.016 

Locus 59 : 
2 alleles
0.9% missing data
   3   (0.905) 0.346 0.996 0.998 0.995 
   4   (0.095) 0.654 0.004 0.002 0.005 

Locus 60 : 
2 alleles
0.0% missing data
   3   (0.848) 0.705 0.987 0.992 0.975 
   1   (0.152) 0.295 0.013 0.008 0.025 

Locus 61 : 
2 alleles
0.0% missing data
   2   (0.659) 0.092 0.916 0.792 0.873 
   4   (0.341) 0.908 0.084 0.208 0.127 

Locus 62 : 
2 alleles
0.0% missing data
   4   (0.573) 0.241 0.674 0.553 0.808 
   3   (0.427) 0.759 0.326 0.447 0.192 

Locus 63 : 
2 alleles
0.0% missing data
   3   (0.740) 0.593 0.939 0.958 0.881 
   1   (0.260) 0.407 0.061 0.042 0.119 

Locus 64 : 
2 alleles
0.4% missing data
   2   (0.735) 0.010 0.930 0.945 0.968 
   4   (0.265) 0.990 0.070 0.055 0.032 

Locus 65 : 
2 alleles
0.4% missing data
   2   (0.646) 0.949 0.820 0.904 0.510 
   4   (0.354) 0.051 0.180 0.096 0.490 

Locus 66 : 
2 alleles
0.0% missing data
   2   (0.823) 0.719 0.963 0.979 0.975 
   1   (0.177) 0.281 0.037 0.021 0.025 

Locus 67 : 
2 alleles
0.4% missing data
   3   (0.805) 0.653 0.982 0.992 0.885 
   1   (0.195) 0.347 0.018 0.008 0.115 

Locus 68 : 
2 alleles
0.4% missing data
   3   (0.817) 0.663 0.992 0.975 0.949 
   1   (0.183) 0.337 0.008 0.025 0.051 

Locus 69 : 
2 alleles
0.4% missing data
   2   (0.918) 0.758 0.998 0.999 0.996 
   1   (0.082) 0.242 0.002 0.001 0.004 

Locus 70 : 
2 alleles
0.0% missing data
   2   (0.691) 0.637 0.796 0.891 0.908 
   1   (0.309) 0.363 0.204 0.109 0.092 

Locus 71 : 
2 alleles
0.4% missing data
   4   (0.868) 0.782 0.996 0.998 0.959 
   2   (0.132) 0.218 0.004 0.002 0.041 

Locus 72 : 
2 alleles
0.0% missing data
   1   (0.312) 0.708 0.038 0.085 0.285 
   4   (0.688) 0.292 0.962 0.915 0.715 

Locus 73 : 
2 alleles
2.2% missing data
   2   (0.757) 0.741 0.943 0.956 0.917 
   4   (0.243) 0.259 0.057 0.044 0.083 

Locus 74 : 
2 alleles
0.4% missing data
   4   (0.780) 0.997 0.916 0.942 0.859 
   2   (0.220) 0.003 0.084 0.058 0.141 

Locus 75 : 
2 alleles
0.0% missing data
   4   (0.419) 0.139 0.300 0.221 0.518 
   2   (0.581) 0.861 0.700 0.779 0.482 

Locus 76 : 
2 alleles
0.4% missing data
   2   (0.793) 0.517 0.968 0.926 0.969 
   3   (0.207) 0.483 0.032 0.074 0.031 

Locus 77 : 
2 alleles
0.0% missing data
   2   (0.679) 0.009 0.742 0.988 0.876 
   4   (0.321) 0.991 0.258 0.012 0.124 

Locus 78 : 
2 alleles
0.4% missing data
   3   (0.763) 0.808 0.915 0.960 0.942 
   1   (0.237) 0.192 0.085 0.040 0.058 

Locus 79 : 
2 alleles
0.0% missing data
   4   (0.818) 0.786 0.975 0.912 0.986 
   2   (0.182) 0.214 0.025 0.088 0.014 

Locus 80 : 
2 alleles
0.4% missing data
   4   (0.516) 0.719 0.547 0.612 0.409 
   3   (0.484) 0.281 0.453 0.388 0.591 

Locus 81 : 
2 alleles
0.4% missing data
   1   (0.901) 0.521 0.996 0.998 0.993 
   3   (0.099) 0.479 0.004 0.002 0.007 

Locus 82 : 
2 alleles
0.4% missing data
   2   (0.799) 0.734 0.899 0.976 0.978 
   4   (0.201) 0.266 0.101 0.024 0.022 

Locus 83 : 
2 alleles
0.4% missing data
   4   (0.696) 0.329 0.887 0.796 0.932 
   3   (0.304) 0.671 0.113 0.204 0.068 

Locus 84 : 
2 alleles
0.0% missing data
   1   (0.867) 0.508 0.995 0.987 0.989 
   3   (0.133) 0.492 0.005 0.013 0.011 

Locus 85 : 
2 alleles
0.0% missing data
   2   (0.573) 0.929 0.597 0.642 0.532 
   3   (0.427) 0.071 0.403 0.358 0.468 

Locus 86 : 
2 alleles
0.9% missing data
   2   (0.546) 0.998 0.877 0.143 0.151 
   4   (0.454) 0.002 0.123 0.857 0.849 

Locus 87 : 
2 alleles
0.4% missing data
   3   (0.671) 0.006 0.060 0.989 0.975 
   1   (0.329) 0.994 0.940 0.011 0.025 

Locus 88 : 
2 alleles
0.0% missing data
   3   (0.916) 0.748 0.997 0.999 0.996 
   2   (0.084) 0.252 0.003 0.001 0.004 

Locus 89 : 
2 alleles
0.0% missing data
   3   (0.864) 0.459 0.985 0.998 0.967 
   2   (0.136) 0.541 0.015 0.002 0.033 

Locus 90 : 
2 alleles
0.0% missing data
   4   (0.747) 0.331 0.957 0.955 0.913 
   2   (0.253) 0.669 0.043 0.045 0.087 

Locus 91 : 
2 alleles
0.4% missing data
   1   (0.861) 0.704 0.985 0.998 0.965 
   3   (0.139) 0.296 0.015 0.002 0.035 

Locus 92 : 
2 alleles
0.0% missing data
   2   (0.740) 0.161 0.973 0.955 0.873 
   4   (0.260) 0.839 0.027 0.045 0.127 

Locus 93 : 
2 alleles
0.4% missing data
   2   (0.739) 0.907 0.943 0.961 0.760 
   4   (0.261) 0.093 0.057 0.039 0.240 

Locus 94 : 
2 alleles
0.0% missing data
   3   (0.732) 0.614 0.911 0.853 0.944 
   1   (0.268) 0.386 0.089 0.147 0.056 

Locus 95 : 
2 alleles
0.0% missing data
   4   (0.770) 0.535 0.882 0.929 0.978 
   2   (0.230) 0.465 0.118 0.071 0.022 

Locus 96 : 
2 alleles
1.8% missing data
   2   (0.860) 0.493 0.995 0.976 0.990 
   4   (0.140) 0.507 0.005 0.024 0.010 

Values of parameters used in structure:
DATAFILE=96snps_breeding.str,	OUTFILE=K4.2,	NUMINDS=223,	NUMLOCI=96,	MISSING=-9,	LABEL=1,	POPDATA=1,	POPFLAG=0,	PHENOTYPE=0,	EXTRACOLS=0,	MAXPOPS=4,	BURNIN=20000,	NUMREPS=50000,	USEPOPINFO=0,	INFERALPHA=1,	INFERLAMBDA=0,	POPSPECIFICLAMBDA=0,	POPALPHAS=0,	COMPUTEPROB=1,	NOADMIX=0,	ADMBURNIN=500,	UPDATEFREQ=100,	PRINTLIKES=0,	INTERMEDSAVE=0,	PRINTKLD=0,	PRINTNET=1,	PRINTLAMBDA=1,	ANCESTDIST=0,	NUMBOXES=1000,	ANCESTPINT=0.90000,	GENSBACK=2,	MIGRPRIOR=0.01000,	PRINTQHAT=0,	PRINTQSUM=1,	ALPHA=1.0000,	FREQSCORR=1,	FPRIORMEAN=0.0100,	FPRIORSD=0.0500,	ONEFST=0,	LAMBDA=1.0000,	UNIFPRIORALPHA=1,	ALPHAMAX=10.0000,	ALPHAPRIORA=1.0000,	ALPHAPRIORB=2.0000,	ALPHAPROPSD=0.0250,	STARTATPOPINFO=0,	RANDOMIZE=1,	LINKAGE=0,	METROFREQ=10,	REPORTHITRATE=0,	MARKOVPHASE=0,	PHASED=0,	PLOIDY=2,	PHASEINFO=0	LOCPRIOR=0, 	LOCPRIORINIT=1.000000, 	LOCDATA=0, 	LOCISPOP=1, 	LOCPRIORSTEP=0.100000, 	MAXLOCPRIOR=20.000000, 	SEED=1493848517,	
[STRAT parameters]:    NUMSIMSTATS=1000,	PHENOTYPECOL=-9,	POOLFREQ=10,	LOCUSxONLY=0,	EMERROR=0.00100,	MISSINGPHENO=-9,	