

----------------------------------------------------
STRUCTURE by Pritchard, Stephens and Donnelly (2000)
     and Falush, Stephens and Pritchard (2003)
       Code by Pritchard, Falush and Hubisz
             Version 2.3.4 (Jul 2012)
----------------------------------------------------



Command line arguments:   /Users/Rachael/Documents/programs/structure/structure -K 4 -o K4.3 
Input File:    96snps_breeding.str

Run parameters:
   223 individuals
   96 loci
   4 populations assumed
   20000 Burn-in period
   50000 Reps


--------------------------------------------
Proportion of membership of each pre-defined
 population in each of the 4 clusters

Given    Inferred Clusters              Number of
 Pop       1      2      3      4      Individuals

  1:     0.744  0.043  0.179  0.033       12
  2:     0.562  0.050  0.248  0.140        9
  3:     0.025  0.007  0.010  0.958        8
  4:     0.148  0.041  0.153  0.658       20
  5:     0.005  0.980  0.011  0.005        6
  6:     0.016  0.738  0.181  0.065       12
  7:     0.008  0.973  0.004  0.014       11
  8:     0.019  0.905  0.058  0.018       17
  9:     0.030  0.718  0.177  0.075       11
 10:     0.067  0.092  0.181  0.660       22
 11:     0.003  0.990  0.004  0.003        7
 12:     0.011  0.884  0.022  0.082        5
 13:     0.075  0.012  0.221  0.692       10
 14:     0.005  0.974  0.015  0.006       17
 15:     0.013  0.956  0.019  0.012        9
 16:     0.019  0.004  0.140  0.837        1
 17:     0.113  0.007  0.029  0.851        9
 18:     0.016  0.904  0.029  0.051        8
 20:     0.094  0.020  0.231  0.655       12
 21:     0.508  0.005  0.133  0.355       17
--------------------------------------------

Allele-freq. divergence among pops (Net nucleotide distance),
computed using point estimates of P.

      1       2       3       4      
 1      -    0.2417  0.0743  0.0236  
 2   0.2417     -    0.1466  0.2093  
 3   0.0743  0.1466     -    0.0631  
 4   0.0236  0.2093  0.0631     -    

Average distances (expected heterozygosity) between individuals in same cluster:
cluster  1  : 0.2102 
cluster  2  : 0.2024 
cluster  3  : 0.1633 
cluster  4  : 0.1443 

--------------------------------------------
Estimated Ln Prob of Data   = -13996.6
Mean value of ln likelihood = -13775.1
Variance of ln likelihood   = 442.9
Mean value of alpha         = 0.0985

Mean value of Fst_1         = 0.3049
Mean value of Fst_2         = 0.5514
Mean value of Fst_3         = 0.4209
Mean value of Fst_4         = 0.3667


Inferred ancestry of individuals:
        Label (%Miss) Pop:  Inferred clusters
  1  96N0117    (2)    1 :  0.625 0.116 0.242 0.017 
  2  97N6723   (10)    1 :  0.761 0.038 0.066 0.135 
  3  97N5321    (0)    1 :  0.977 0.005 0.007 0.012 
  4  97N5322    (0)    1 :  0.941 0.002 0.006 0.051 
  5  97N5323    (0)    1 :  0.681 0.054 0.255 0.010 
  6  97N5324    (6)    1 :  0.935 0.012 0.006 0.047 
  7  97N5325    (0)    1 :  0.951 0.002 0.007 0.040 
  8  97N5327    (0)    1 :  0.325 0.050 0.606 0.019 
  9  97N5328    (0)    1 :  0.648 0.122 0.213 0.017 
 10  97N5329    (1)    1 :  0.517 0.073 0.389 0.020 
 11  97N5330    (0)    1 :  0.961 0.017 0.006 0.016 
 12  97N5331    (6)    1 :  0.611 0.031 0.345 0.013 
 13 07N13314    (0)    3 :  0.012 0.002 0.006 0.981 
 14 07N13315    (0)    3 :  0.033 0.002 0.008 0.957 
 15 07N13316    (0)    3 :  0.025 0.009 0.010 0.956 
 16 07N13317    (0)    3 :  0.073 0.002 0.005 0.920 
 17 07N13545    (0)    3 :  0.016 0.003 0.012 0.969 
 18 07N13546    (0)    3 :  0.007 0.023 0.007 0.964 
 19 07N13547    (0)    3 :  0.009 0.004 0.023 0.965 
 20 07N13548    (0)    3 :  0.030 0.008 0.010 0.953 
 21  05N4604    (0)    4 :  0.148 0.006 0.482 0.364 
 22  05N4605    (0)    4 :  0.036 0.007 0.007 0.949 
 23  05N4607    (0)    4 :  0.080 0.006 0.441 0.473 
 24  05N4608    (0)    4 :  0.075 0.027 0.038 0.860 
 25  05N4610   (12)    4 :  0.144 0.023 0.302 0.531 
 26  05N4624    (0)    4 :  0.017 0.002 0.007 0.975 
 27  05N4625    (0)    4 :  0.015 0.004 0.448 0.533 
 28  05N4627    (0)    4 :  0.016 0.002 0.007 0.975 
 29  05N4628    (2)    4 :  0.376 0.249 0.270 0.105 
 30  09N1347    (0)    4 :  0.097 0.219 0.053 0.631 
 31  09N1348    (1)    4 :  0.045 0.099 0.007 0.849 
 32  01N7123    (1)    4 :  0.324 0.002 0.009 0.665 
 33  01N7124    (0)    4 :  0.024 0.003 0.010 0.963 
 34  01N7125    (0)    4 :  0.155 0.067 0.017 0.762 
 35  01N7126    (0)    4 :  0.281 0.005 0.276 0.438 
 36  01N7127    (1)    4 :  0.009 0.071 0.238 0.682 
 37  01N7128    (0)    4 :  0.046 0.003 0.038 0.913 
 38  01N7129    (0)    4 :  0.010 0.005 0.284 0.701 
 39  01N7130    (0)    4 :  0.118 0.007 0.103 0.772 
 40  13N0516    (0)    4 :  0.937 0.016 0.018 0.029 
 41  02N9746    (0)    5 :  0.008 0.956 0.026 0.010 
 42 06N29507    (0)    5 :  0.005 0.973 0.015 0.007 
 43 06N29508    (0)    5 :  0.004 0.983 0.010 0.004 
 44 07N21016    (0)    5 :  0.002 0.992 0.003 0.002 
 45 07N21027    (2)    5 :  0.008 0.980 0.007 0.005 
 46 07N34099    (0)    5 :  0.002 0.993 0.003 0.002 
 47  99N0522    (0)   18 :  0.018 0.837 0.133 0.012 
 48  99N0524    (0)   18 :  0.005 0.973 0.016 0.006 
 49  99N0525    (0)   18 :  0.002 0.991 0.004 0.003 
 50  99N0526    (0)   18 :  0.007 0.935 0.047 0.011 
 51  99N0527    (1)   18 :  0.017 0.708 0.004 0.271 
 52  99N0528    (0)   18 :  0.004 0.972 0.018 0.006 
 53  99N0529    (0)   18 :  0.067 0.830 0.005 0.098 
 54  99N0530    (0)   18 :  0.007 0.983 0.006 0.004 
 55     7038    (1)   11 :  0.006 0.982 0.007 0.005 
 56 07N18309    (0)   12 :  0.003 0.988 0.006 0.003 
 57 07N18343    (2)   12 :  0.019 0.598 0.017 0.367 
 58 07N18346    (0)   12 :  0.019 0.969 0.004 0.007 
 59 07N18356    (0)   12 :  0.011 0.941 0.040 0.009 
 60 07N18361    (0)   12 :  0.005 0.926 0.043 0.025 
 61  00N5172    (0)   10 :  0.016 0.191 0.089 0.704 
 62  00N5173    (0)   10 :  0.064 0.147 0.038 0.751 
 63  11N3234    (0)   10 :  0.018 0.057 0.405 0.519 
 64  12N2944    (0)   10 :  0.087 0.083 0.009 0.821 
 65  00N5171    (0)   10 :  0.084 0.280 0.135 0.501 
 66  11N3237    (0)   10 :  0.092 0.079 0.616 0.214 
 67  11N3238    (0)   10 :  0.034 0.145 0.053 0.769 
 68  11N3239    (0)   10 :  0.103 0.070 0.011 0.816 
 69  11N3240    (0)   10 :  0.022 0.009 0.401 0.568 
 70  02N2288    (0)   10 :  0.030 0.011 0.324 0.635 
 71  02N2289    (1)   10 :  0.311 0.002 0.006 0.680 
 72  02N2292    (2)   10 :  0.055 0.016 0.005 0.924 
 73  05N5315    (0)   10 :  0.014 0.003 0.007 0.976 
 74 03N0775.    (0)   10 :  0.023 0.029 0.505 0.443 
 75  03N0776    (0)   10 :  0.034 0.016 0.066 0.884 
 76  03N0777    (0)   10 :  0.021 0.002 0.322 0.655 
 77  03N0778    (0)   10 :  0.022 0.094 0.049 0.835 
 78  03N0782    (0)   10 :  0.107 0.058 0.008 0.826 
 79  03N0798    (0)   10 :  0.124 0.160 0.186 0.531 
 80  03N6168    (0)   13 :  0.030 0.006 0.642 0.322 
 81  03N6169    (0)   13 :  0.043 0.007 0.008 0.942 
 82  03N6176    (0)   13 :  0.049 0.022 0.017 0.911 
 83  03N6177    (0)   13 :  0.012 0.004 0.010 0.974 
 84  03N6178    (0)   13 :  0.119 0.004 0.507 0.369 
 85  97N6797    (0)   13 :  0.017 0.019 0.037 0.927 
 86  97N6798    (0)   13 :  0.431 0.003 0.040 0.526 
 87  97N6799    (0)   13 :  0.017 0.008 0.165 0.810 
 88  97N6800    (0)   13 :  0.009 0.040 0.131 0.820 
 89  97N6801    (0)   13 :  0.022 0.005 0.651 0.322 
 90  97N5259    (0)   14 :  0.004 0.978 0.012 0.006 
 91  97N5262    (0)   14 :  0.016 0.885 0.082 0.017 
 92  97N5267    (0)   14 :  0.005 0.977 0.013 0.004 
 93  97N5268    (0)   14 :  0.004 0.984 0.009 0.004 
 94  97N5269    (0)   14 :  0.005 0.985 0.005 0.005 
 95  99N0688    (0)   14 :  0.003 0.989 0.005 0.003 
 96  00N5322    (1)   14 :  0.002 0.990 0.005 0.003 
 97  99N1162    (0)   14 :  0.003 0.987 0.006 0.004 
 98  06N4619    (0)   14 :  0.003 0.989 0.005 0.003 
 99  06N4628    (0)   14 :  0.003 0.990 0.004 0.003 
100  06N4633    (0)   14 :  0.007 0.954 0.022 0.017 
101  06N4634    (0)   14 :  0.002 0.991 0.004 0.003 
102  06N4635    (0)   14 :  0.011 0.931 0.047 0.011 
103  99N1157    (0)   14 :  0.002 0.992 0.004 0.002 
104  99N1159    (1)   14 :  0.002 0.992 0.004 0.003 
105  99N1160    (0)   14 :  0.002 0.992 0.004 0.003 
106  99N1161    (0)   14 :  0.008 0.958 0.022 0.013 
107  14N0241    (0)   15 :  0.012 0.958 0.012 0.018 
108  14N0242    (0)   15 :  0.002 0.991 0.004 0.003 
109  14N0282    (0)   15 :  0.014 0.940 0.029 0.017 
110  14N0283    (0)   15 :  0.020 0.928 0.013 0.039 
111  14N0284    (0)   15 :  0.017 0.927 0.049 0.008 
112  14N0285    (0)   15 :  0.010 0.961 0.024 0.005 
113  14N0286    (0)   15 :  0.004 0.987 0.006 0.003 
114  15N0132    (0)   15 :  0.006 0.962 0.024 0.008 
115  15N0192    (0)   15 :  0.033 0.948 0.014 0.005 
116  08N1182    (0)   16 :  0.019 0.004 0.140 0.837 
117     7039    (0)   11 :  0.002 0.994 0.002 0.002 
118  02N8790    (0)    8 :  0.016 0.844 0.131 0.009 
119  02N8792    (0)    8 :  0.005 0.943 0.043 0.009 
120  02N8801    (1)    8 :  0.011 0.951 0.033 0.005 
121  02N8803    (0)    8 :  0.004 0.981 0.010 0.005 
122  02N8805    (0)    8 :  0.054 0.778 0.003 0.165 
123  02N8807    (0)    8 :  0.006 0.977 0.012 0.005 
124  02N8811    (0)    8 :  0.006 0.977 0.012 0.006 
125  02N8816    (0)    8 :  0.011 0.793 0.189 0.007 
126  02N8827    (0)    8 :  0.003 0.989 0.005 0.003 
127  02N8829    (1)    8 :  0.008 0.955 0.025 0.012 
128 08N23341    (0)    8 :  0.008 0.891 0.081 0.020 
129  05N8693    (0)   17 :  0.016 0.003 0.008 0.973 
130  06N0762    (0)   17 :  0.139 0.015 0.041 0.806 
131  06N1404    (0)   17 :  0.052 0.004 0.060 0.884 
132  06N1475    (0)   17 :  0.060 0.024 0.085 0.830 
133  07N1314    (0)   17 :  0.014 0.002 0.008 0.976 
134  08N1304    (0)   17 :  0.056 0.004 0.009 0.931 
135  08N1379    (0)   17 :  0.568 0.003 0.013 0.416 
136  08N1663    (0)   17 :  0.031 0.003 0.007 0.960 
137  08N1665    (0)   17 :  0.078 0.010 0.027 0.886 
138  00N5479    (0)    7 :  0.002 0.994 0.002 0.002 
139  00N5480    (0)    7 :  0.006 0.967 0.017 0.011 
140  00N5481    (0)    7 :  0.002 0.993 0.003 0.002 
141  00N5482    (0)    7 :  0.002 0.994 0.002 0.002 
142  00N5483    (0)    7 :  0.002 0.991 0.004 0.003 
143  00N5484    (0)    7 :  0.001 0.995 0.002 0.002 
144  00N5485    (0)    7 :  0.070 0.801 0.003 0.126 
145  00N5486    (0)    7 :  0.002 0.991 0.004 0.003 
146 08N22058    (0)    7 :  0.003 0.988 0.006 0.003 
147 10N16953    (0)    7 :  0.002 0.991 0.005 0.003 
148 10N16968    (0)    7 :  0.002 0.994 0.003 0.002 
149  96N0277    (0)   20 :  0.063 0.004 0.166 0.767 
150  96N0278    (0)   20 :  0.092 0.005 0.011 0.892 
151  96N0279    (0)   20 :  0.072 0.120 0.045 0.762 
152  96N0280    (0)   20 :  0.693 0.016 0.064 0.227 
153  96N0281    (0)   20 :  0.008 0.005 0.093 0.894 
154  96N0282    (0)   20 :  0.049 0.005 0.662 0.284 
155  96N0283    (0)   20 :  0.020 0.018 0.005 0.957 
156  96N0284    (0)   20 :  0.041 0.033 0.345 0.581 
157  96N0285    (0)   20 :  0.029 0.018 0.329 0.624 
158  96N0291    (0)   20 :  0.023 0.002 0.010 0.965 
159  96N0299    (0)   20 :  0.016 0.003 0.669 0.312 
160  96N0300    (0)   20 :  0.021 0.005 0.375 0.598 
161  01N4476    (0)    6 :  0.006 0.747 0.226 0.021 
162  01N4477    (0)    6 :  0.007 0.476 0.501 0.016 
163  02N1415    (0)    6 :  0.009 0.711 0.263 0.017 
164  02N1416    (0)    6 :  0.012 0.829 0.147 0.011 
165  02N1417    (0)    6 :  0.012 0.731 0.242 0.015 
166  02N1418    (1)    6 :  0.007 0.801 0.174 0.018 
167  02N1419    (0)    6 :  0.005 0.759 0.223 0.012 
168  02N1420    (2)    6 :  0.025 0.601 0.018 0.355 
169  02N1421    (0)    6 :  0.063 0.683 0.015 0.239 
170  02N1422    (0)    6 :  0.008 0.708 0.234 0.049 
171  97N6629    (0)    6 :  0.033 0.829 0.112 0.025 
172  97N6628    (0)    6 :  0.004 0.974 0.015 0.006 
173 06N35383    (0)   21 :  0.260 0.003 0.600 0.137 
174 09N17890    (0)   21 :  0.606 0.002 0.016 0.376 
175 09N18315    (0)   21 :  0.507 0.003 0.021 0.468 
176 10N16477    (0)   21 :  0.749 0.002 0.010 0.239 
177 10N16478    (0)   21 :  0.785 0.002 0.012 0.202 
178  02N1139    (0)   21 :  0.775 0.004 0.016 0.205 
179  02N1140    (0)   21 :  0.320 0.005 0.008 0.667 
180  03N4284    (0)   21 :  0.713 0.006 0.008 0.273 
181  03N6131    (0)   21 :  0.166 0.017 0.016 0.801 
182  03N6132    (0)   21 :  0.187 0.003 0.444 0.366 
183  04N7586    (0)   21 :  0.221 0.003 0.007 0.769 
184  04N7587    (0)   21 :  0.535 0.002 0.023 0.440 
185  04N7588    (0)   21 :  0.517 0.002 0.025 0.456 
186  05N5632    (0)   21 :  0.898 0.015 0.009 0.078 
187 09N17508    (0)   21 :  0.536 0.002 0.009 0.453 
188  97N6283    (0)   21 :  0.523 0.004 0.445 0.028 
189  97N6284    (0)   21 :  0.343 0.002 0.586 0.068 
190 07N28554    (0)    9 :  0.035 0.906 0.054 0.006 
191 07N28571    (0)    9 :  0.010 0.798 0.130 0.062 
192 07N28591    (0)    9 :  0.017 0.601 0.367 0.014 
193 07N28640    (0)    9 :  0.021 0.617 0.352 0.010 
194 07N28922    (0)    9 :  0.036 0.809 0.008 0.147 
195 08N21408    (0)    9 :  0.025 0.776 0.191 0.008 
196 08N21409    (0)    9 :  0.032 0.746 0.203 0.020 
197 08N21430    (0)    9 :  0.082 0.678 0.019 0.222 
198 08N21435    (0)    9 :  0.025 0.391 0.570 0.014 
199 08N21446    (0)    9 :  0.032 0.920 0.043 0.005 
200 08N21938    (0)    9 :  0.018 0.652 0.011 0.318 
201     7040    (0)   11 :  0.004 0.980 0.009 0.006 
202  98N3510    (0)    8 :  0.013 0.749 0.230 0.008 
203  98N3517    (0)    8 :  0.009 0.965 0.018 0.008 
204  98N3518    (0)    8 :  0.073 0.861 0.053 0.013 
205  98N3519    (0)    8 :  0.010 0.965 0.018 0.006 
206  98N3520    (0)    8 :  0.066 0.895 0.027 0.012 
207  98N3521    (0)    8 :  0.023 0.869 0.091 0.016 
208  00N5114    (0)   10 :  0.093 0.353 0.105 0.449 
209  00N5115    (0)   10 :  0.037 0.150 0.016 0.796 
210  00N5116    (0)   10 :  0.089 0.072 0.621 0.218 
211     3101    (0)    2 :  0.544 0.005 0.033 0.418 
212     3102    (0)    2 :  0.304 0.026 0.652 0.018 
213     3103    (1)    2 :  0.432 0.099 0.349 0.119 
214     3104    (0)    2 :  0.796 0.009 0.006 0.188 
215     3105    (0)    2 :  0.511 0.007 0.463 0.020 
216     3106    (0)    2 :  0.506 0.043 0.433 0.018 
217     3107    (0)    2 :  0.907 0.005 0.012 0.076 
218     3108    (0)    2 :  0.643 0.022 0.008 0.327 
219     3109    (0)    2 :  0.411 0.234 0.280 0.075 
220     7037    (0)   11 :  0.002 0.992 0.003 0.003 
221     7042    (1)   11 :  0.002 0.993 0.003 0.002 
222     7043    (0)   11 :  0.002 0.994 0.003 0.002 
223     7044    (0)   11 :  0.002 0.994 0.002 0.002 


Estimated Allele Frequencies in each cluster
First column gives estimated ancestral frequencies


Locus 1 : 
2 alleles
0.9% missing data
   3   (0.718) 0.945 0.249 0.942 0.758 
   4   (0.282) 0.055 0.751 0.058 0.242 

Locus 2 : 
2 alleles
0.0% missing data
   3   (0.712) 0.652 0.902 0.969 0.884 
   1   (0.288) 0.348 0.098 0.031 0.116 

Locus 3 : 
2 alleles
0.0% missing data
   1   (0.572) 0.074 0.998 0.971 0.188 
   4   (0.428) 0.926 0.002 0.029 0.812 

Locus 4 : 
2 alleles
0.0% missing data
   3   (0.781) 0.798 0.999 0.832 0.968 
   1   (0.219) 0.202 0.001 0.168 0.032 

Locus 5 : 
2 alleles
0.0% missing data
   2   (0.758) 0.857 0.991 0.923 0.911 
   4   (0.242) 0.143 0.009 0.077 0.089 

Locus 6 : 
2 alleles
0.4% missing data
   3   (0.858) 0.989 0.983 0.924 0.992 
   1   (0.142) 0.011 0.017 0.076 0.008 

Locus 7 : 
2 alleles
1.8% missing data
   4   (0.523) 0.435 0.668 0.597 0.615 
   2   (0.477) 0.565 0.332 0.403 0.385 

Locus 8 : 
2 alleles
0.0% missing data
   1   (0.686) 0.819 0.007 0.808 0.993 
   3   (0.314) 0.181 0.993 0.192 0.007 

Locus 9 : 
2 alleles
0.0% missing data
   3   (0.852) 0.954 0.996 0.964 0.990 
   1   (0.148) 0.046 0.004 0.036 0.010 

Locus 10 : 
2 alleles
0.0% missing data
   1   (0.737) 0.971 0.007 0.376 0.994 
   4   (0.263) 0.029 0.993 0.624 0.006 

Locus 11 : 
2 alleles
0.0% missing data
   3   (0.705) 0.631 0.979 0.880 0.939 
   1   (0.295) 0.369 0.021 0.120 0.061 

Locus 12 : 
2 alleles
0.0% missing data
   1   (0.676) 0.829 0.661 0.909 0.761 
   3   (0.324) 0.171 0.339 0.091 0.239 

Locus 13 : 
2 alleles
1.3% missing data
   2   (0.845) 0.954 0.989 0.991 0.988 
   4   (0.155) 0.046 0.011 0.009 0.012 

Locus 14 : 
2 alleles
0.0% missing data
   2   (0.736) 0.731 0.995 0.930 0.851 
   1   (0.264) 0.269 0.005 0.070 0.149 

Locus 15 : 
2 alleles
0.0% missing data
   1   (0.629) 0.973 0.003 0.057 0.984 
   2   (0.371) 0.027 0.997 0.943 0.016 

Locus 16 : 
2 alleles
0.0% missing data
   1   (0.853) 0.909 0.999 0.863 0.995 
   3   (0.147) 0.091 0.001 0.137 0.005 

Locus 17 : 
2 alleles
0.0% missing data
   2   (0.543) 0.339 0.979 0.385 0.664 
   4   (0.457) 0.661 0.021 0.615 0.336 

Locus 18 : 
2 alleles
0.0% missing data
   2   (0.821) 0.699 0.995 0.985 0.979 
   4   (0.179) 0.301 0.005 0.015 0.021 

Locus 19 : 
2 alleles
0.9% missing data
   3   (0.724) 0.881 0.941 0.885 0.899 
   1   (0.276) 0.119 0.059 0.115 0.101 

Locus 20 : 
2 alleles
0.0% missing data
   4   (0.766) 0.859 0.981 0.946 0.951 
   2   (0.234) 0.141 0.019 0.054 0.049 

Locus 21 : 
2 alleles
0.0% missing data
   2   (0.714) 0.678 0.931 0.954 0.897 
   4   (0.286) 0.322 0.069 0.046 0.103 

Locus 22 : 
2 alleles
0.0% missing data
   2   (0.771) 0.550 0.999 0.980 0.781 
   4   (0.229) 0.450 0.001 0.020 0.219 

Locus 23 : 
2 alleles
0.9% missing data
   2   (0.768) 0.873 0.982 0.928 0.962 
   4   (0.232) 0.127 0.018 0.072 0.038 

Locus 24 : 
2 alleles
0.0% missing data
   1   (0.444) 0.509 0.084 0.567 0.282 
   3   (0.556) 0.491 0.916 0.433 0.718 

Locus 25 : 
2 alleles
0.0% missing data
   1   (0.757) 0.459 0.999 0.981 0.754 
   3   (0.243) 0.541 0.001 0.019 0.246 

Locus 26 : 
2 alleles
0.0% missing data
   3   (0.806) 0.797 0.993 0.978 0.968 
   2   (0.194) 0.203 0.007 0.022 0.032 

Locus 27 : 
2 alleles
0.4% missing data
   4   (0.366) 0.566 0.054 0.226 0.085 
   2   (0.634) 0.434 0.946 0.774 0.915 

Locus 28 : 
2 alleles
0.0% missing data
   4   (0.535) 0.861 0.006 0.800 0.540 
   2   (0.465) 0.139 0.994 0.200 0.460 

Locus 29 : 
2 alleles
0.0% missing data
   3   (0.788) 0.935 0.997 0.861 0.947 
   1   (0.212) 0.065 0.003 0.139 0.053 

Locus 30 : 
2 alleles
0.9% missing data
   3   (0.711) 0.974 0.004 0.288 0.992 
   1   (0.289) 0.026 0.996 0.712 0.008 

Locus 31 : 
2 alleles
0.4% missing data
   2   (0.575) 0.958 0.003 0.045 0.971 
   4   (0.425) 0.042 0.997 0.955 0.029 

Locus 32 : 
2 alleles
0.4% missing data
   1   (0.859) 0.864 0.995 0.979 0.996 
   3   (0.141) 0.136 0.005 0.021 0.004 

Locus 33 : 
2 alleles
0.0% missing data
   4   (0.523) 0.865 0.003 0.812 0.540 
   2   (0.477) 0.135 0.997 0.188 0.460 

Locus 34 : 
2 alleles
0.0% missing data
   2   (0.784) 0.822 0.998 0.903 0.940 
   4   (0.216) 0.178 0.002 0.097 0.060 

Locus 35 : 
2 alleles
0.9% missing data
   4   (0.633) 0.799 0.005 0.954 0.908 
   1   (0.367) 0.201 0.995 0.046 0.092 

Locus 36 : 
2 alleles
0.0% missing data
   3   (0.729) 0.822 0.983 0.827 0.943 
   2   (0.271) 0.178 0.017 0.173 0.057 

Locus 37 : 
2 alleles
0.0% missing data
   4   (0.786) 0.858 0.936 0.902 0.993 
   2   (0.214) 0.142 0.064 0.098 0.007 

Locus 38 : 
2 alleles
0.0% missing data
   1   (0.644) 0.734 0.900 0.779 0.799 
   3   (0.356) 0.266 0.100 0.221 0.201 

Locus 39 : 
2 alleles
0.0% missing data
   4   (0.543) 0.954 0.004 0.109 0.890 
   2   (0.457) 0.046 0.996 0.891 0.110 

Locus 40 : 
2 alleles
1.3% missing data
   3   (0.690) 0.532 0.983 0.850 0.917 
   1   (0.310) 0.468 0.017 0.150 0.083 

Locus 41 : 
2 alleles
0.0% missing data
   1   (0.782) 0.782 0.994 0.951 0.958 
   3   (0.218) 0.218 0.006 0.049 0.042 

Locus 42 : 
2 alleles
0.0% missing data
   1   (0.840) 0.980 0.996 0.961 0.921 
   2   (0.160) 0.020 0.004 0.039 0.079 

Locus 43 : 
2 alleles
0.9% missing data
   1   (0.881) 0.867 0.995 0.992 0.998 
   3   (0.119) 0.133 0.005 0.008 0.002 

Locus 44 : 
2 alleles
0.0% missing data
   3   (0.776) 0.760 0.996 0.855 0.978 
   1   (0.224) 0.240 0.004 0.145 0.022 

Locus 45 : 
2 alleles
0.0% missing data
   3   (0.794) 0.957 0.207 0.964 0.977 
   1   (0.206) 0.043 0.793 0.036 0.023 

Locus 46 : 
2 alleles
0.0% missing data
   4   (0.915) 0.997 0.533 0.997 0.999 
   2   (0.085) 0.003 0.467 0.003 0.001 

Locus 47 : 
2 alleles
0.9% missing data
   4   (0.873) 0.989 0.810 0.993 0.987 
   3   (0.127) 0.011 0.190 0.007 0.013 

Locus 48 : 
2 alleles
0.0% missing data
   2   (0.836) 0.988 0.616 0.989 0.939 
   4   (0.164) 0.012 0.384 0.011 0.061 

Locus 49 : 
2 alleles
0.0% missing data
   3   (0.698) 0.672 0.116 0.866 0.985 
   1   (0.302) 0.328 0.884 0.134 0.015 

Locus 50 : 
2 alleles
0.4% missing data
   2   (0.518) 0.766 0.090 0.457 0.531 
   4   (0.482) 0.234 0.910 0.543 0.469 

Locus 51 : 
2 alleles
0.0% missing data
   1   (0.731) 0.828 0.864 0.945 0.915 
   3   (0.269) 0.172 0.136 0.055 0.085 

Locus 52 : 
2 alleles
0.0% missing data
   2   (0.918) 0.997 0.875 0.998 0.999 
   4   (0.082) 0.003 0.125 0.002 0.001 

Locus 53 : 
2 alleles
0.9% missing data
   1   (0.697) 0.891 0.045 0.721 0.982 
   3   (0.303) 0.109 0.955 0.279 0.018 

Locus 54 : 
2 alleles
0.0% missing data
   3   (0.755) 0.954 0.669 0.911 0.937 
   1   (0.245) 0.046 0.331 0.089 0.063 

Locus 55 : 
2 alleles
0.0% missing data
   2   (0.713) 0.886 0.276 0.934 0.914 
   4   (0.287) 0.114 0.724 0.066 0.086 

Locus 56 : 
2 alleles
0.0% missing data
   3   (0.741) 0.859 0.685 0.974 0.916 
   2   (0.259) 0.141 0.315 0.026 0.084 

Locus 57 : 
2 alleles
0.0% missing data
   2   (0.731) 0.810 0.984 0.921 0.898 
   1   (0.269) 0.190 0.016 0.079 0.102 

Locus 58 : 
2 alleles
0.0% missing data
   2   (0.832) 0.987 0.910 0.969 0.956 
   4   (0.168) 0.013 0.090 0.031 0.044 

Locus 59 : 
2 alleles
0.9% missing data
   3   (0.906) 0.996 0.346 0.996 0.998 
   4   (0.094) 0.004 0.654 0.004 0.002 

Locus 60 : 
2 alleles
0.0% missing data
   3   (0.850) 0.978 0.705 0.987 0.992 
   1   (0.150) 0.022 0.295 0.013 0.008 

Locus 61 : 
2 alleles
0.0% missing data
   2   (0.663) 0.886 0.092 0.915 0.784 
   4   (0.337) 0.114 0.908 0.085 0.216 

Locus 62 : 
2 alleles
0.0% missing data
   4   (0.570) 0.810 0.242 0.673 0.541 
   3   (0.430) 0.190 0.758 0.327 0.459 

Locus 63 : 
2 alleles
0.0% missing data
   3   (0.743) 0.900 0.592 0.937 0.956 
   1   (0.257) 0.100 0.408 0.063 0.044 

Locus 64 : 
2 alleles
0.4% missing data
   2   (0.738) 0.968 0.010 0.934 0.944 
   4   (0.262) 0.032 0.990 0.066 0.056 

Locus 65 : 
2 alleles
0.4% missing data
   2   (0.655) 0.527 0.948 0.822 0.912 
   4   (0.345) 0.473 0.052 0.178 0.088 

Locus 66 : 
2 alleles
0.0% missing data
   2   (0.823) 0.974 0.719 0.960 0.980 
   1   (0.177) 0.026 0.281 0.040 0.020 

Locus 67 : 
2 alleles
0.4% missing data
   3   (0.812) 0.899 0.653 0.982 0.992 
   1   (0.188) 0.101 0.347 0.018 0.008 

Locus 68 : 
2 alleles
0.4% missing data
   3   (0.818) 0.952 0.663 0.992 0.974 
   1   (0.182) 0.048 0.337 0.008 0.026 

Locus 69 : 
2 alleles
0.4% missing data
   2   (0.917) 0.997 0.759 0.998 0.999 
   1   (0.083) 0.003 0.241 0.002 0.001 

Locus 70 : 
2 alleles
0.0% missing data
   2   (0.695) 0.921 0.637 0.797 0.885 
   1   (0.305) 0.079 0.363 0.203 0.115 

Locus 71 : 
2 alleles
0.4% missing data
   4   (0.871) 0.963 0.782 0.995 0.998 
   2   (0.129) 0.037 0.218 0.005 0.002 

Locus 72 : 
2 alleles
0.0% missing data
   1   (0.311) 0.266 0.707 0.043 0.083 
   4   (0.689) 0.734 0.293 0.957 0.917 

Locus 73 : 
2 alleles
2.2% missing data
   2   (0.764) 0.927 0.741 0.943 0.954 
   4   (0.236) 0.073 0.259 0.057 0.046 

Locus 74 : 
2 alleles
0.4% missing data
   4   (0.785) 0.869 0.997 0.915 0.943 
   2   (0.215) 0.131 0.003 0.085 0.057 

Locus 75 : 
2 alleles
0.0% missing data
   4   (0.411) 0.502 0.140 0.289 0.217 
   2   (0.589) 0.498 0.860 0.711 0.783 

Locus 76 : 
2 alleles
0.4% missing data
   2   (0.799) 0.973 0.517 0.972 0.922 
   3   (0.201) 0.027 0.483 0.028 0.078 

Locus 77 : 
2 alleles
0.0% missing data
   2   (0.684) 0.896 0.009 0.747 0.987 
   4   (0.316) 0.104 0.991 0.253 0.013 

Locus 78 : 
2 alleles
0.4% missing data
   3   (0.763) 0.946 0.809 0.913 0.960 
   1   (0.237) 0.054 0.191 0.087 0.040 

Locus 79 : 
2 alleles
0.0% missing data
   4   (0.818) 0.988 0.787 0.975 0.908 
   2   (0.182) 0.012 0.213 0.025 0.092 

Locus 80 : 
2 alleles
0.4% missing data
   4   (0.520) 0.423 0.718 0.552 0.614 
   3   (0.480) 0.577 0.282 0.448 0.386 

Locus 81 : 
2 alleles
0.4% missing data
   1   (0.903) 0.994 0.522 0.996 0.998 
   3   (0.097) 0.006 0.478 0.004 0.002 

Locus 82 : 
2 alleles
0.4% missing data
   2   (0.800) 0.983 0.734 0.902 0.974 
   4   (0.200) 0.017 0.266 0.098 0.026 

Locus 83 : 
2 alleles
0.4% missing data
   4   (0.699) 0.941 0.329 0.884 0.789 
   3   (0.301) 0.059 0.671 0.116 0.211 

Locus 84 : 
2 alleles
0.0% missing data
   1   (0.869) 0.991 0.509 0.995 0.986 
   3   (0.131) 0.009 0.491 0.005 0.014 

Locus 85 : 
2 alleles
0.0% missing data
   2   (0.570) 0.518 0.929 0.602 0.651 
   3   (0.430) 0.482 0.071 0.398 0.349 

Locus 86 : 
2 alleles
0.9% missing data
   2   (0.548) 0.154 0.998 0.862 0.143 
   4   (0.452) 0.846 0.002 0.138 0.857 

Locus 87 : 
2 alleles
0.4% missing data
   3   (0.670) 0.978 0.007 0.067 0.989 
   1   (0.330) 0.022 0.993 0.933 0.011 

Locus 88 : 
2 alleles
0.0% missing data
   3   (0.917) 0.997 0.748 0.997 0.999 
   2   (0.083) 0.003 0.252 0.003 0.001 

Locus 89 : 
2 alleles
0.0% missing data
   3   (0.872) 0.976 0.459 0.985 0.998 
   2   (0.128) 0.024 0.541 0.015 0.002 

Locus 90 : 
2 alleles
0.0% missing data
   4   (0.755) 0.929 0.331 0.957 0.952 
   2   (0.245) 0.071 0.669 0.043 0.048 

Locus 91 : 
2 alleles
0.4% missing data
   1   (0.863) 0.972 0.705 0.982 0.998 
   3   (0.137) 0.028 0.295 0.018 0.002 

Locus 92 : 
2 alleles
0.0% missing data
   2   (0.743) 0.892 0.162 0.972 0.951 
   4   (0.257) 0.108 0.838 0.028 0.049 

Locus 93 : 
2 alleles
0.4% missing data
   2   (0.745) 0.777 0.906 0.942 0.963 
   4   (0.255) 0.223 0.094 0.058 0.037 

Locus 94 : 
2 alleles
0.0% missing data
   3   (0.729) 0.942 0.615 0.911 0.850 
   1   (0.271) 0.058 0.385 0.089 0.150 

Locus 95 : 
2 alleles
0.0% missing data
   4   (0.773) 0.980 0.536 0.884 0.925 
   2   (0.227) 0.020 0.464 0.116 0.075 

Locus 96 : 
2 alleles
1.8% missing data
   2   (0.858) 0.990 0.494 0.994 0.973 
   4   (0.142) 0.010 0.506 0.006 0.027 

Values of parameters used in structure:
DATAFILE=96snps_breeding.str,	OUTFILE=K4.3,	NUMINDS=223,	NUMLOCI=96,	MISSING=-9,	LABEL=1,	POPDATA=1,	POPFLAG=0,	PHENOTYPE=0,	EXTRACOLS=0,	MAXPOPS=4,	BURNIN=20000,	NUMREPS=50000,	USEPOPINFO=0,	INFERALPHA=1,	INFERLAMBDA=0,	POPSPECIFICLAMBDA=0,	POPALPHAS=0,	COMPUTEPROB=1,	NOADMIX=0,	ADMBURNIN=500,	UPDATEFREQ=100,	PRINTLIKES=0,	INTERMEDSAVE=0,	PRINTKLD=0,	PRINTNET=1,	PRINTLAMBDA=1,	ANCESTDIST=0,	NUMBOXES=1000,	ANCESTPINT=0.90000,	GENSBACK=2,	MIGRPRIOR=0.01000,	PRINTQHAT=0,	PRINTQSUM=1,	ALPHA=1.0000,	FREQSCORR=1,	FPRIORMEAN=0.0100,	FPRIORSD=0.0500,	ONEFST=0,	LAMBDA=1.0000,	UNIFPRIORALPHA=1,	ALPHAMAX=10.0000,	ALPHAPRIORA=1.0000,	ALPHAPRIORB=2.0000,	ALPHAPROPSD=0.0250,	STARTATPOPINFO=0,	RANDOMIZE=1,	LINKAGE=0,	METROFREQ=10,	REPORTHITRATE=0,	MARKOVPHASE=0,	PHASED=0,	PLOIDY=2,	PHASEINFO=0	LOCPRIOR=0, 	LOCPRIORINIT=1.000000, 	LOCDATA=0, 	LOCISPOP=1, 	LOCPRIORSTEP=0.100000, 	MAXLOCPRIOR=20.000000, 	SEED=1493848685,	
[STRAT parameters]:    NUMSIMSTATS=1000,	PHENOTYPECOL=-9,	POOLFREQ=10,	LOCUSxONLY=0,	EMERROR=0.00100,	MISSINGPHENO=-9,	