

----------------------------------------------------
STRUCTURE by Pritchard, Stephens and Donnelly (2000)
     and Falush, Stephens and Pritchard (2003)
       Code by Pritchard, Falush and Hubisz
             Version 2.3.4 (Jul 2012)
----------------------------------------------------



Command line arguments:   /Users/Rachael/Documents/programs/structure/structure -K 4 -o K4.4 
Input File:    96snps_breeding.str

Run parameters:
   223 individuals
   96 loci
   4 populations assumed
   20000 Burn-in period
   50000 Reps


--------------------------------------------
Proportion of membership of each pre-defined
 population in each of the 4 clusters

Given    Inferred Clusters              Number of
 Pop       1      2      3      4      Individuals

  1:     0.186  0.038  0.039  0.738       12
  2:     0.251  0.156  0.048  0.545        9
  3:     0.011  0.959  0.007  0.023        8
  4:     0.155  0.667  0.041  0.137       20
  5:     0.011  0.005  0.980  0.005        6
  6:     0.182  0.065  0.738  0.015       12
  7:     0.004  0.015  0.973  0.008       11
  8:     0.057  0.018  0.906  0.020       17
  9:     0.177  0.073  0.719  0.031       11
 10:     0.181  0.661  0.093  0.065       22
 11:     0.005  0.003  0.990  0.003        7
 12:     0.022  0.082  0.884  0.012        5
 13:     0.223  0.697  0.012  0.067       10
 14:     0.015  0.006  0.974  0.005       17
 15:     0.020  0.012  0.956  0.013        9
 16:     0.136  0.844  0.004  0.016        1
 17:     0.029  0.865  0.007  0.099        9
 18:     0.030  0.050  0.903  0.016        8
 20:     0.233  0.656  0.019  0.091       12
 21:     0.132  0.400  0.004  0.463       17
--------------------------------------------

Allele-freq. divergence among pops (Net nucleotide distance),
computed using point estimates of P.

      1       2       3       4      
 1      -    0.0630  0.1477  0.0761  
 2   0.0630     -    0.2103  0.0248  
 3   0.1477  0.2103     -    0.2401  
 4   0.0761  0.0248  0.2401     -    

Average distances (expected heterozygosity) between individuals in same cluster:
cluster  1  : 0.1609 
cluster  2  : 0.1444 
cluster  3  : 0.2023 
cluster  4  : 0.2163 

--------------------------------------------
Estimated Ln Prob of Data   = -13992.9
Mean value of ln likelihood = -13774.0
Variance of ln likelihood   = 437.8
Mean value of alpha         = 0.0976

Mean value of Fst_1         = 0.4305
Mean value of Fst_2         = 0.3663
Mean value of Fst_3         = 0.5538
Mean value of Fst_4         = 0.2976


Inferred ancestry of individuals:
        Label (%Miss) Pop:  Inferred clusters
  1  96N0117    (2)    1 :  0.257 0.019 0.111 0.613 
  2  97N6723   (10)    1 :  0.068 0.163 0.034 0.735 
  3  97N5321    (0)    1 :  0.007 0.011 0.004 0.977 
  4  97N5322    (0)    1 :  0.007 0.057 0.002 0.934 
  5  97N5323    (0)    1 :  0.282 0.010 0.041 0.667 
  6  97N5324    (6)    1 :  0.006 0.056 0.011 0.927 
  7  97N5325    (0)    1 :  0.007 0.059 0.002 0.931 
  8  97N5327    (0)    1 :  0.607 0.013 0.048 0.333 
  9  97N5328    (0)    1 :  0.226 0.016 0.112 0.646 
 10  97N5329    (1)    1 :  0.401 0.020 0.060 0.519 
 11  97N5330    (0)    1 :  0.007 0.018 0.011 0.964 
 12  97N5331    (6)    1 :  0.356 0.010 0.026 0.607 
 13 07N13314    (0)    3 :  0.005 0.981 0.002 0.011 
 14 07N13315    (0)    3 :  0.008 0.965 0.002 0.025 
 15 07N13316    (0)    3 :  0.010 0.956 0.009 0.024 
 16 07N13317    (0)    3 :  0.006 0.930 0.002 0.062 
 17 07N13545    (0)    3 :  0.012 0.970 0.003 0.015 
 18 07N13546    (0)    3 :  0.007 0.961 0.025 0.007 
 19 07N13547    (0)    3 :  0.024 0.964 0.004 0.008 
 20 07N13548    (0)    3 :  0.011 0.948 0.008 0.033 
 21  05N4604    (0)    4 :  0.490 0.386 0.006 0.117 
 22  05N4605    (0)    4 :  0.009 0.948 0.008 0.036 
 23  05N4607    (0)    4 :  0.443 0.481 0.006 0.070 
 24  05N4608    (0)    4 :  0.034 0.878 0.029 0.058 
 25  05N4610   (12)    4 :  0.305 0.536 0.027 0.133 
 26  05N4624    (0)    4 :  0.007 0.976 0.002 0.015 
 27  05N4625    (0)    4 :  0.454 0.525 0.004 0.017 
 28  05N4627    (0)    4 :  0.006 0.977 0.002 0.015 
 29  05N4628    (2)    4 :  0.280 0.125 0.243 0.352 
 30  09N1347    (0)    4 :  0.044 0.668 0.217 0.070 
 31  09N1348    (1)    4 :  0.008 0.843 0.097 0.053 
 32  01N7123    (1)    4 :  0.010 0.719 0.002 0.269 
 33  01N7124    (0)    4 :  0.012 0.964 0.002 0.021 
 34  01N7125    (0)    4 :  0.017 0.776 0.069 0.138 
 35  01N7126    (0)    4 :  0.285 0.425 0.004 0.286 
 36  01N7127    (1)    4 :  0.236 0.679 0.076 0.009 
 37  01N7128    (0)    4 :  0.041 0.915 0.003 0.041 
 38  01N7129    (0)    4 :  0.290 0.698 0.005 0.008 
 39  01N7130    (0)    4 :  0.104 0.784 0.007 0.105 
 40  13N0516    (0)    4 :  0.016 0.046 0.013 0.924 
 41  02N9746    (0)    5 :  0.026 0.011 0.956 0.008 
 42 06N29507    (0)    5 :  0.015 0.006 0.974 0.004 
 43 06N29508    (0)    5 :  0.009 0.005 0.983 0.003 
 44 07N21016    (0)    5 :  0.003 0.002 0.992 0.002 
 45 07N21027    (2)    5 :  0.007 0.005 0.980 0.008 
 46 07N34099    (0)    5 :  0.003 0.002 0.993 0.002 
 47  99N0522    (0)   18 :  0.144 0.011 0.832 0.013 
 48  99N0524    (0)   18 :  0.017 0.006 0.973 0.004 
 49  99N0525    (0)   18 :  0.004 0.003 0.991 0.002 
 50  99N0526    (0)   18 :  0.046 0.011 0.937 0.006 
 51  99N0527    (1)   18 :  0.004 0.272 0.707 0.016 
 52  99N0528    (0)   18 :  0.016 0.006 0.973 0.005 
 53  99N0529    (0)   18 :  0.005 0.088 0.831 0.076 
 54  99N0530    (0)   18 :  0.007 0.005 0.982 0.007 
 55     7038    (1)   11 :  0.008 0.005 0.982 0.005 
 56 07N18309    (0)   12 :  0.005 0.003 0.988 0.003 
 57 07N18343    (2)   12 :  0.016 0.367 0.599 0.018 
 58 07N18346    (0)   12 :  0.004 0.007 0.968 0.021 
 59 07N18356    (0)   12 :  0.038 0.010 0.941 0.011 
 60 07N18361    (0)   12 :  0.044 0.025 0.926 0.006 
 61  00N5172    (0)   10 :  0.099 0.699 0.189 0.013 
 62  00N5173    (0)   10 :  0.037 0.760 0.148 0.055 
 63  11N3234    (0)   10 :  0.416 0.514 0.054 0.016 
 64  12N2944    (0)   10 :  0.008 0.834 0.083 0.075 
 65  00N5171    (0)   10 :  0.137 0.490 0.280 0.093 
 66  11N3237    (0)   10 :  0.602 0.216 0.083 0.099 
 67  11N3238    (0)   10 :  0.057 0.774 0.144 0.025 
 68  11N3239    (0)   10 :  0.011 0.821 0.072 0.096 
 69  11N3240    (0)   10 :  0.406 0.560 0.009 0.026 
 70  02N2288    (0)   10 :  0.328 0.639 0.011 0.023 
 71  02N2289    (1)   10 :  0.005 0.706 0.002 0.286 
 72  02N2292    (2)   10 :  0.005 0.933 0.016 0.046 
 73  05N5315    (0)   10 :  0.008 0.976 0.003 0.013 
 74 03N0775.    (0)   10 :  0.497 0.454 0.030 0.019 
 75  03N0776    (0)   10 :  0.064 0.886 0.018 0.031 
 76  03N0777    (0)   10 :  0.323 0.660 0.003 0.014 
 77  03N0778    (0)   10 :  0.046 0.836 0.098 0.021 
 78  03N0782    (0)   10 :  0.007 0.844 0.058 0.091 
 79  03N0798    (0)   10 :  0.181 0.529 0.165 0.125 
 80  03N6168    (0)   13 :  0.658 0.305 0.005 0.031 
 81  03N6169    (0)   13 :  0.009 0.947 0.007 0.037 
 82  03N6176    (0)   13 :  0.016 0.912 0.024 0.048 
 83  03N6177    (0)   13 :  0.010 0.974 0.004 0.011 
 84  03N6178    (0)   13 :  0.502 0.387 0.005 0.105 
 85  97N6797    (0)   13 :  0.036 0.927 0.020 0.016 
 86  97N6798    (0)   13 :  0.042 0.574 0.003 0.382 
 87  97N6799    (0)   13 :  0.163 0.815 0.009 0.013 
 88  97N6800    (0)   13 :  0.132 0.820 0.040 0.008 
 89  97N6801    (0)   13 :  0.664 0.313 0.005 0.019 
 90  97N5259    (0)   14 :  0.012 0.006 0.979 0.004 
 91  97N5262    (0)   14 :  0.088 0.016 0.882 0.014 
 92  97N5267    (0)   14 :  0.014 0.004 0.977 0.005 
 93  97N5268    (0)   14 :  0.010 0.004 0.983 0.004 
 94  97N5269    (0)   14 :  0.005 0.005 0.985 0.005 
 95  99N0688    (0)   14 :  0.006 0.003 0.988 0.003 
 96  00N5322    (1)   14 :  0.005 0.003 0.990 0.002 
 97  99N1162    (0)   14 :  0.006 0.004 0.987 0.003 
 98  06N4619    (0)   14 :  0.005 0.003 0.990 0.003 
 99  06N4628    (0)   14 :  0.004 0.003 0.990 0.003 
100  06N4633    (0)   14 :  0.024 0.017 0.953 0.006 
101  06N4634    (0)   14 :  0.003 0.002 0.992 0.002 
102  06N4635    (0)   14 :  0.046 0.010 0.931 0.013 
103  99N1157    (0)   14 :  0.004 0.003 0.991 0.002 
104  99N1159    (1)   14 :  0.003 0.003 0.992 0.002 
105  99N1160    (0)   14 :  0.004 0.003 0.991 0.002 
106  99N1161    (0)   14 :  0.023 0.013 0.956 0.008 
107  14N0241    (0)   15 :  0.011 0.018 0.960 0.012 
108  14N0242    (0)   15 :  0.004 0.003 0.991 0.002 
109  14N0282    (0)   15 :  0.031 0.018 0.939 0.013 
110  14N0283    (0)   15 :  0.013 0.040 0.928 0.019 
111  14N0284    (0)   15 :  0.050 0.008 0.924 0.018 
112  14N0285    (0)   15 :  0.025 0.005 0.961 0.010 
113  14N0286    (0)   15 :  0.006 0.003 0.987 0.004 
114  15N0132    (0)   15 :  0.025 0.007 0.961 0.007 
115  15N0192    (0)   15 :  0.015 0.005 0.949 0.031 
116  08N1182    (0)   16 :  0.136 0.844 0.004 0.016 
117     7039    (0)   11 :  0.002 0.002 0.994 0.002 
118  02N8790    (0)    8 :  0.130 0.009 0.843 0.018 
119  02N8792    (0)    8 :  0.043 0.009 0.942 0.005 
120  02N8801    (1)    8 :  0.028 0.005 0.954 0.013 
121  02N8803    (0)    8 :  0.010 0.005 0.982 0.004 
122  02N8805    (0)    8 :  0.003 0.160 0.780 0.057 
123  02N8807    (0)    8 :  0.011 0.005 0.977 0.007 
124  02N8811    (0)    8 :  0.012 0.005 0.978 0.005 
125  02N8816    (0)    8 :  0.170 0.008 0.806 0.017 
126  02N8827    (0)    8 :  0.006 0.003 0.989 0.003 
127  02N8829    (1)    8 :  0.027 0.011 0.954 0.008 
128 08N23341    (0)    8 :  0.085 0.018 0.889 0.007 
129  05N8693    (0)   17 :  0.008 0.974 0.003 0.014 
130  06N0762    (0)   17 :  0.043 0.831 0.014 0.112 
131  06N1404    (0)   17 :  0.060 0.886 0.004 0.050 
132  06N1475    (0)   17 :  0.086 0.832 0.024 0.058 
133  07N1314    (0)   17 :  0.007 0.974 0.002 0.017 
134  08N1304    (0)   17 :  0.009 0.942 0.004 0.045 
135  08N1379    (0)   17 :  0.012 0.495 0.003 0.490 
136  08N1663    (0)   17 :  0.007 0.970 0.002 0.021 
137  08N1665    (0)   17 :  0.028 0.877 0.010 0.085 
138  00N5479    (0)    7 :  0.002 0.002 0.995 0.002 
139  00N5480    (0)    7 :  0.016 0.010 0.967 0.006 
140  00N5481    (0)    7 :  0.003 0.002 0.993 0.002 
141  00N5482    (0)    7 :  0.002 0.002 0.994 0.002 
142  00N5483    (0)    7 :  0.004 0.003 0.991 0.002 
143  00N5484    (0)    7 :  0.002 0.002 0.995 0.001 
144  00N5485    (0)    7 :  0.003 0.129 0.801 0.067 
145  00N5486    (0)    7 :  0.004 0.003 0.991 0.002 
146 08N22058    (0)    7 :  0.006 0.003 0.988 0.003 
147 10N16953    (0)    7 :  0.004 0.003 0.991 0.002 
148 10N16968    (0)    7 :  0.003 0.002 0.994 0.002 
149  96N0277    (0)   20 :  0.168 0.772 0.004 0.056 
150  96N0278    (0)   20 :  0.011 0.885 0.005 0.100 
151  96N0279    (0)   20 :  0.042 0.772 0.122 0.065 
152  96N0280    (0)   20 :  0.060 0.259 0.015 0.666 
153  96N0281    (0)   20 :  0.100 0.887 0.006 0.006 
154  96N0282    (0)   20 :  0.660 0.279 0.005 0.056 
155  96N0283    (0)   20 :  0.005 0.956 0.020 0.019 
156  96N0284    (0)   20 :  0.359 0.568 0.027 0.045 
157  96N0285    (0)   20 :  0.326 0.629 0.018 0.027 
158  96N0291    (0)   20 :  0.009 0.968 0.002 0.020 
159  96N0299    (0)   20 :  0.680 0.301 0.003 0.016 
160  96N0300    (0)   20 :  0.378 0.598 0.005 0.018 
161  01N4476    (0)    6 :  0.226 0.021 0.747 0.006 
162  01N4477    (0)    6 :  0.504 0.011 0.478 0.007 
163  02N1415    (0)    6 :  0.259 0.020 0.713 0.009 
164  02N1416    (0)    6 :  0.147 0.012 0.828 0.013 
165  02N1417    (0)    6 :  0.246 0.014 0.729 0.010 
166  02N1418    (1)    6 :  0.166 0.018 0.807 0.009 
167  02N1419    (0)    6 :  0.229 0.009 0.756 0.005 
168  02N1420    (2)    6 :  0.022 0.353 0.601 0.024 
169  02N1421    (0)    6 :  0.014 0.248 0.683 0.055 
170  02N1422    (0)    6 :  0.240 0.046 0.707 0.008 
171  97N6629    (0)    6 :  0.119 0.024 0.827 0.029 
172  97N6628    (0)    6 :  0.013 0.006 0.976 0.005 
173 06N35383    (0)   21 :  0.592 0.189 0.003 0.216 
174 09N17890    (0)   21 :  0.016 0.441 0.002 0.542 
175 09N18315    (0)   21 :  0.021 0.551 0.003 0.425 
176 10N16477    (0)   21 :  0.010 0.317 0.002 0.671 
177 10N16478    (0)   21 :  0.011 0.270 0.002 0.718 
178  02N1139    (0)   21 :  0.014 0.238 0.004 0.744 
179  02N1140    (0)   21 :  0.008 0.647 0.005 0.339 
180  03N4284    (0)   21 :  0.009 0.320 0.005 0.666 
181  03N6131    (0)   21 :  0.014 0.823 0.018 0.145 
182  03N6132    (0)   21 :  0.446 0.385 0.003 0.166 
183  04N7586    (0)   21 :  0.008 0.809 0.003 0.180 
184  04N7587    (0)   21 :  0.021 0.538 0.002 0.438 
185  04N7588    (0)   21 :  0.023 0.522 0.002 0.453 
186  05N5632    (0)   21 :  0.009 0.108 0.013 0.870 
187 09N17508    (0)   21 :  0.009 0.524 0.002 0.465 
188  97N6283    (0)   21 :  0.451 0.026 0.004 0.519 
189  97N6284    (0)   21 :  0.588 0.095 0.002 0.315 
190 07N28554    (0)    9 :  0.047 0.006 0.909 0.038 
191 07N28571    (0)    9 :  0.139 0.053 0.796 0.012 
192 07N28591    (0)    9 :  0.372 0.014 0.600 0.013 
193 07N28640    (0)    9 :  0.355 0.010 0.617 0.018 
194 07N28922    (0)    9 :  0.008 0.152 0.808 0.032 
195 08N21408    (0)    9 :  0.182 0.008 0.781 0.029 
196 08N21409    (0)    9 :  0.210 0.019 0.743 0.028 
197 08N21430    (0)    9 :  0.017 0.206 0.681 0.096 
198 08N21435    (0)    9 :  0.566 0.015 0.393 0.026 
199 08N21446    (0)    9 :  0.040 0.005 0.920 0.034 
200 08N21938    (0)    9 :  0.010 0.315 0.655 0.020 
201     7040    (0)   11 :  0.010 0.006 0.980 0.004 
202  98N3510    (0)    8 :  0.234 0.008 0.747 0.010 
203  98N3517    (0)    8 :  0.018 0.008 0.964 0.009 
204  98N3518    (0)    8 :  0.052 0.015 0.861 0.072 
205  98N3519    (0)    8 :  0.020 0.006 0.963 0.011 
206  98N3520    (0)    8 :  0.027 0.009 0.896 0.068 
207  98N3521    (0)    8 :  0.084 0.017 0.874 0.025 
208  00N5114    (0)   10 :  0.110 0.423 0.356 0.111 
209  00N5115    (0)   10 :  0.018 0.798 0.151 0.033 
210  00N5116    (0)   10 :  0.624 0.188 0.072 0.116 
211     3101    (0)    2 :  0.032 0.462 0.004 0.502 
212     3102    (0)    2 :  0.651 0.014 0.022 0.312 
213     3103    (1)    2 :  0.357 0.120 0.097 0.426 
214     3104    (0)    2 :  0.006 0.208 0.008 0.778 
215     3105    (0)    2 :  0.472 0.017 0.006 0.504 
216     3106    (0)    2 :  0.441 0.020 0.038 0.500 
217     3107    (0)    2 :  0.012 0.123 0.005 0.861 
218     3108    (0)    2 :  0.007 0.387 0.019 0.587 
219     3109    (0)    2 :  0.280 0.054 0.228 0.438 
220     7037    (0)   11 :  0.003 0.003 0.992 0.002 
221     7042    (1)   11 :  0.003 0.002 0.994 0.002 
222     7043    (0)   11 :  0.003 0.002 0.994 0.002 
223     7044    (0)   11 :  0.002 0.002 0.995 0.002 


Estimated Allele Frequencies in each cluster
First column gives estimated ancestral frequencies


Locus 1 : 
2 alleles
0.9% missing data
   3   (0.716) 0.942 0.762 0.248 0.942 
   4   (0.284) 0.058 0.238 0.752 0.058 

Locus 2 : 
2 alleles
0.0% missing data
   3   (0.710) 0.971 0.879 0.902 0.649 
   1   (0.290) 0.029 0.121 0.098 0.351 

Locus 3 : 
2 alleles
0.0% missing data
   1   (0.560) 0.971 0.185 0.998 0.074 
   4   (0.440) 0.029 0.815 0.002 0.926 

Locus 4 : 
2 alleles
0.0% missing data
   3   (0.780) 0.837 0.966 0.999 0.789 
   1   (0.220) 0.163 0.034 0.001 0.211 

Locus 5 : 
2 alleles
0.0% missing data
   2   (0.758) 0.925 0.913 0.991 0.848 
   4   (0.242) 0.075 0.087 0.009 0.152 

Locus 6 : 
2 alleles
0.4% missing data
   3   (0.856) 0.925 0.992 0.983 0.987 
   1   (0.144) 0.075 0.008 0.017 0.013 

Locus 7 : 
2 alleles
1.8% missing data
   4   (0.522) 0.594 0.613 0.669 0.434 
   2   (0.478) 0.406 0.387 0.331 0.566 

Locus 8 : 
2 alleles
0.0% missing data
   1   (0.681) 0.822 0.992 0.007 0.793 
   3   (0.319) 0.178 0.008 0.993 0.207 

Locus 9 : 
2 alleles
0.0% missing data
   3   (0.850) 0.966 0.990 0.996 0.951 
   1   (0.150) 0.034 0.010 0.004 0.049 

Locus 10 : 
2 alleles
0.0% missing data
   1   (0.739) 0.377 0.994 0.007 0.968 
   4   (0.261) 0.623 0.006 0.993 0.032 

Locus 11 : 
2 alleles
0.0% missing data
   3   (0.703) 0.883 0.934 0.979 0.625 
   1   (0.297) 0.117 0.066 0.021 0.375 

Locus 12 : 
2 alleles
0.0% missing data
   1   (0.680) 0.912 0.760 0.660 0.836 
   3   (0.320) 0.088 0.240 0.340 0.164 

Locus 13 : 
2 alleles
1.3% missing data
   2   (0.843) 0.992 0.988 0.989 0.951 
   4   (0.157) 0.008 0.012 0.011 0.049 

Locus 14 : 
2 alleles
0.0% missing data
   2   (0.735) 0.932 0.851 0.995 0.723 
   1   (0.265) 0.068 0.149 0.005 0.277 

Locus 15 : 
2 alleles
0.0% missing data
   1   (0.639) 0.056 0.984 0.003 0.971 
   2   (0.361) 0.944 0.016 0.997 0.029 

Locus 16 : 
2 alleles
0.0% missing data
   1   (0.853) 0.868 0.994 0.999 0.905 
   3   (0.147) 0.132 0.006 0.001 0.095 

Locus 17 : 
2 alleles
0.0% missing data
   2   (0.543) 0.383 0.656 0.979 0.344 
   4   (0.457) 0.617 0.344 0.021 0.656 

Locus 18 : 
2 alleles
0.0% missing data
   2   (0.814) 0.985 0.978 0.994 0.686 
   4   (0.186) 0.015 0.022 0.006 0.314 

Locus 19 : 
2 alleles
0.9% missing data
   3   (0.721) 0.888 0.900 0.941 0.874 
   1   (0.279) 0.112 0.100 0.059 0.126 

Locus 20 : 
2 alleles
0.0% missing data
   4   (0.764) 0.946 0.951 0.981 0.856 
   2   (0.236) 0.054 0.049 0.019 0.144 

Locus 21 : 
2 alleles
0.0% missing data
   2   (0.709) 0.955 0.891 0.931 0.682 
   4   (0.291) 0.045 0.109 0.069 0.318 

Locus 22 : 
2 alleles
0.0% missing data
   2   (0.763) 0.980 0.780 0.999 0.531 
   4   (0.237) 0.020 0.220 0.001 0.469 

Locus 23 : 
2 alleles
0.9% missing data
   2   (0.770) 0.925 0.963 0.983 0.865 
   4   (0.230) 0.075 0.037 0.017 0.135 

Locus 24 : 
2 alleles
0.0% missing data
   1   (0.446) 0.560 0.287 0.084 0.510 
   3   (0.554) 0.440 0.713 0.916 0.490 

Locus 25 : 
2 alleles
0.0% missing data
   1   (0.752) 0.981 0.751 0.999 0.442 
   3   (0.248) 0.019 0.249 0.001 0.558 

Locus 26 : 
2 alleles
0.0% missing data
   3   (0.800) 0.978 0.965 0.993 0.796 
   2   (0.200) 0.022 0.035 0.007 0.204 

Locus 27 : 
2 alleles
0.4% missing data
   4   (0.373) 0.220 0.086 0.054 0.597 
   2   (0.627) 0.780 0.914 0.946 0.403 

Locus 28 : 
2 alleles
0.0% missing data
   4   (0.533) 0.806 0.548 0.006 0.854 
   2   (0.467) 0.194 0.452 0.994 0.146 

Locus 29 : 
2 alleles
0.0% missing data
   3   (0.789) 0.863 0.947 0.997 0.933 
   1   (0.211) 0.137 0.053 0.003 0.067 

Locus 30 : 
2 alleles
0.9% missing data
   3   (0.718) 0.287 0.993 0.004 0.971 
   1   (0.282) 0.713 0.007 0.996 0.029 

Locus 31 : 
2 alleles
0.4% missing data
   2   (0.581) 0.043 0.972 0.003 0.955 
   4   (0.419) 0.957 0.028 0.997 0.045 

Locus 32 : 
2 alleles
0.4% missing data
   1   (0.859) 0.980 0.996 0.995 0.855 
   3   (0.141) 0.020 0.004 0.005 0.145 

Locus 33 : 
2 alleles
0.0% missing data
   4   (0.520) 0.817 0.547 0.003 0.858 
   2   (0.480) 0.183 0.453 0.997 0.142 

Locus 34 : 
2 alleles
0.0% missing data
   2   (0.783) 0.910 0.939 0.998 0.814 
   4   (0.217) 0.090 0.061 0.002 0.186 

Locus 35 : 
2 alleles
0.9% missing data
   4   (0.634) 0.958 0.911 0.005 0.779 
   1   (0.366) 0.042 0.089 0.995 0.221 

Locus 36 : 
2 alleles
0.0% missing data
   3   (0.726) 0.828 0.941 0.984 0.819 
   2   (0.274) 0.172 0.059 0.016 0.181 

Locus 37 : 
2 alleles
0.0% missing data
   4   (0.785) 0.905 0.993 0.937 0.845 
   2   (0.215) 0.095 0.007 0.063 0.155 

Locus 38 : 
2 alleles
0.0% missing data
   1   (0.642) 0.780 0.801 0.900 0.724 
   3   (0.358) 0.220 0.199 0.100 0.276 

Locus 39 : 
2 alleles
0.0% missing data
   4   (0.544) 0.106 0.894 0.004 0.951 
   2   (0.456) 0.894 0.106 0.996 0.049 

Locus 40 : 
2 alleles
1.3% missing data
   3   (0.683) 0.858 0.915 0.983 0.506 
   1   (0.317) 0.142 0.085 0.017 0.494 

Locus 41 : 
2 alleles
0.0% missing data
   1   (0.783) 0.955 0.957 0.994 0.769 
   3   (0.217) 0.045 0.043 0.006 0.231 

Locus 42 : 
2 alleles
0.0% missing data
   1   (0.841) 0.963 0.922 0.996 0.978 
   2   (0.159) 0.037 0.078 0.004 0.022 

Locus 43 : 
2 alleles
0.9% missing data
   1   (0.882) 0.993 0.998 0.995 0.857 
   3   (0.118) 0.007 0.002 0.005 0.143 

Locus 44 : 
2 alleles
0.0% missing data
   3   (0.769) 0.859 0.976 0.995 0.747 
   1   (0.231) 0.141 0.024 0.005 0.253 

Locus 45 : 
2 alleles
0.0% missing data
   3   (0.791) 0.964 0.979 0.207 0.950 
   1   (0.209) 0.036 0.021 0.793 0.050 

Locus 46 : 
2 alleles
0.0% missing data
   4   (0.913) 0.997 0.999 0.533 0.996 
   2   (0.087) 0.003 0.001 0.467 0.004 

Locus 47 : 
2 alleles
0.9% missing data
   4   (0.872) 0.993 0.988 0.809 0.987 
   3   (0.128) 0.007 0.012 0.191 0.013 

Locus 48 : 
2 alleles
0.0% missing data
   2   (0.832) 0.989 0.940 0.616 0.986 
   4   (0.168) 0.011 0.060 0.384 0.014 

Locus 49 : 
2 alleles
0.0% missing data
   3   (0.702) 0.884 0.986 0.115 0.639 
   1   (0.298) 0.116 0.014 0.885 0.361 

Locus 50 : 
2 alleles
0.4% missing data
   2   (0.521) 0.459 0.532 0.090 0.774 
   4   (0.479) 0.541 0.468 0.910 0.226 

Locus 51 : 
2 alleles
0.0% missing data
   1   (0.730) 0.943 0.913 0.864 0.830 
   3   (0.270) 0.057 0.087 0.136 0.170 

Locus 52 : 
2 alleles
0.0% missing data
   2   (0.921) 0.998 0.999 0.874 0.997 
   4   (0.079) 0.002 0.001 0.126 0.003 

Locus 53 : 
2 alleles
0.9% missing data
   1   (0.695) 0.725 0.982 0.044 0.877 
   3   (0.305) 0.275 0.018 0.956 0.123 

Locus 54 : 
2 alleles
0.0% missing data
   3   (0.755) 0.912 0.939 0.669 0.952 
   1   (0.245) 0.088 0.061 0.331 0.048 

Locus 55 : 
2 alleles
0.0% missing data
   2   (0.711) 0.938 0.918 0.276 0.867 
   4   (0.289) 0.062 0.082 0.724 0.133 

Locus 56 : 
2 alleles
0.0% missing data
   3   (0.743) 0.975 0.914 0.685 0.861 
   2   (0.257) 0.025 0.086 0.315 0.139 

Locus 57 : 
2 alleles
0.0% missing data
   2   (0.732) 0.921 0.899 0.984 0.803 
   1   (0.268) 0.079 0.101 0.016 0.197 

Locus 58 : 
2 alleles
0.0% missing data
   2   (0.827) 0.970 0.957 0.910 0.985 
   4   (0.173) 0.030 0.043 0.090 0.015 

Locus 59 : 
2 alleles
0.9% missing data
   3   (0.906) 0.996 0.998 0.346 0.995 
   4   (0.094) 0.004 0.002 0.654 0.005 

Locus 60 : 
2 alleles
0.0% missing data
   3   (0.850) 0.988 0.992 0.705 0.976 
   1   (0.150) 0.012 0.008 0.295 0.024 

Locus 61 : 
2 alleles
0.0% missing data
   2   (0.660) 0.915 0.788 0.092 0.878 
   4   (0.340) 0.085 0.212 0.908 0.122 

Locus 62 : 
2 alleles
0.0% missing data
   4   (0.570) 0.670 0.547 0.242 0.809 
   3   (0.430) 0.330 0.453 0.758 0.191 

Locus 63 : 
2 alleles
0.0% missing data
   3   (0.742) 0.939 0.957 0.592 0.889 
   1   (0.258) 0.061 0.043 0.408 0.111 

Locus 64 : 
2 alleles
0.4% missing data
   2   (0.736) 0.938 0.944 0.009 0.966 
   4   (0.264) 0.062 0.056 0.991 0.034 

Locus 65 : 
2 alleles
0.4% missing data
   2   (0.651) 0.824 0.907 0.949 0.517 
   4   (0.349) 0.176 0.093 0.051 0.483 

Locus 66 : 
2 alleles
0.0% missing data
   2   (0.826) 0.962 0.979 0.719 0.975 
   1   (0.174) 0.038 0.021 0.281 0.025 

Locus 67 : 
2 alleles
0.4% missing data
   3   (0.809) 0.982 0.992 0.653 0.891 
   1   (0.191) 0.018 0.008 0.347 0.109 

Locus 68 : 
2 alleles
0.4% missing data
   3   (0.816) 0.992 0.974 0.663 0.950 
   1   (0.184) 0.008 0.026 0.337 0.050 

Locus 69 : 
2 alleles
0.4% missing data
   2   (0.918) 0.998 0.999 0.758 0.996 
   1   (0.082) 0.002 0.001 0.242 0.004 

Locus 70 : 
2 alleles
0.0% missing data
   2   (0.694) 0.793 0.889 0.637 0.915 
   1   (0.306) 0.207 0.111 0.363 0.085 

Locus 71 : 
2 alleles
0.4% missing data
   4   (0.869) 0.996 0.998 0.782 0.961 
   2   (0.131) 0.004 0.002 0.218 0.039 

Locus 72 : 
2 alleles
0.0% missing data
   1   (0.314) 0.042 0.085 0.707 0.276 
   4   (0.686) 0.958 0.915 0.293 0.724 

Locus 73 : 
2 alleles
2.2% missing data
   2   (0.763) 0.947 0.953 0.741 0.924 
   4   (0.237) 0.053 0.047 0.259 0.076 

Locus 74 : 
2 alleles
0.4% missing data
   4   (0.782) 0.916 0.942 0.997 0.865 
   2   (0.218) 0.084 0.058 0.003 0.135 

Locus 75 : 
2 alleles
0.0% missing data
   4   (0.415) 0.287 0.221 0.140 0.510 
   2   (0.585) 0.713 0.779 0.860 0.490 

Locus 76 : 
2 alleles
0.4% missing data
   2   (0.795) 0.969 0.924 0.518 0.969 
   3   (0.205) 0.031 0.076 0.482 0.031 

Locus 77 : 
2 alleles
0.0% missing data
   2   (0.682) 0.751 0.987 0.009 0.883 
   4   (0.318) 0.249 0.013 0.991 0.117 

Locus 78 : 
2 alleles
0.4% missing data
   3   (0.767) 0.917 0.960 0.809 0.945 
   1   (0.233) 0.083 0.040 0.191 0.055 

Locus 79 : 
2 alleles
0.0% missing data
   4   (0.821) 0.976 0.909 0.786 0.987 
   2   (0.179) 0.024 0.091 0.214 0.013 

Locus 80 : 
2 alleles
0.4% missing data
   4   (0.518) 0.555 0.611 0.718 0.416 
   3   (0.482) 0.445 0.389 0.282 0.584 

Locus 81 : 
2 alleles
0.4% missing data
   1   (0.904) 0.997 0.998 0.521 0.993 
   3   (0.096) 0.003 0.002 0.479 0.007 

Locus 82 : 
2 alleles
0.4% missing data
   2   (0.802) 0.901 0.975 0.734 0.981 
   4   (0.198) 0.099 0.025 0.266 0.019 

Locus 83 : 
2 alleles
0.4% missing data
   4   (0.700) 0.888 0.793 0.329 0.935 
   3   (0.300) 0.112 0.207 0.671 0.065 

Locus 84 : 
2 alleles
0.0% missing data
   1   (0.868) 0.995 0.986 0.508 0.990 
   3   (0.132) 0.005 0.014 0.492 0.010 

Locus 85 : 
2 alleles
0.0% missing data
   2   (0.570) 0.601 0.647 0.929 0.522 
   3   (0.430) 0.399 0.353 0.071 0.478 

Locus 86 : 
2 alleles
0.9% missing data
   2   (0.538) 0.862 0.144 0.998 0.150 
   4   (0.462) 0.138 0.856 0.002 0.850 

Locus 87 : 
2 alleles
0.4% missing data
   3   (0.679) 0.065 0.989 0.006 0.977 
   1   (0.321) 0.935 0.011 0.994 0.023 

Locus 88 : 
2 alleles
0.0% missing data
   3   (0.919) 0.998 0.999 0.748 0.996 
   2   (0.081) 0.002 0.001 0.252 0.004 

Locus 89 : 
2 alleles
0.0% missing data
   3   (0.867) 0.984 0.998 0.459 0.970 
   2   (0.133) 0.016 0.002 0.541 0.030 

Locus 90 : 
2 alleles
0.0% missing data
   4   (0.752) 0.959 0.953 0.331 0.920 
   2   (0.248) 0.041 0.047 0.669 0.080 

Locus 91 : 
2 alleles
0.4% missing data
   1   (0.861) 0.984 0.998 0.705 0.967 
   3   (0.139) 0.016 0.002 0.295 0.033 

Locus 92 : 
2 alleles
0.0% missing data
   2   (0.741) 0.973 0.955 0.162 0.876 
   4   (0.259) 0.027 0.045 0.838 0.124 

Locus 93 : 
2 alleles
0.4% missing data
   2   (0.740) 0.942 0.960 0.907 0.771 
   4   (0.260) 0.058 0.040 0.093 0.229 

Locus 94 : 
2 alleles
0.0% missing data
   3   (0.732) 0.907 0.852 0.615 0.943 
   1   (0.268) 0.093 0.148 0.385 0.057 

Locus 95 : 
2 alleles
0.0% missing data
   4   (0.776) 0.885 0.926 0.536 0.979 
   2   (0.224) 0.115 0.074 0.464 0.021 

Locus 96 : 
2 alleles
1.8% missing data
   2   (0.858) 0.995 0.974 0.493 0.990 
   4   (0.142) 0.005 0.026 0.507 0.010 

Values of parameters used in structure:
DATAFILE=96snps_breeding.str,	OUTFILE=K4.4,	NUMINDS=223,	NUMLOCI=96,	MISSING=-9,	LABEL=1,	POPDATA=1,	POPFLAG=0,	PHENOTYPE=0,	EXTRACOLS=0,	MAXPOPS=4,	BURNIN=20000,	NUMREPS=50000,	USEPOPINFO=0,	INFERALPHA=1,	INFERLAMBDA=0,	POPSPECIFICLAMBDA=0,	POPALPHAS=0,	COMPUTEPROB=1,	NOADMIX=0,	ADMBURNIN=500,	UPDATEFREQ=100,	PRINTLIKES=0,	INTERMEDSAVE=0,	PRINTKLD=0,	PRINTNET=1,	PRINTLAMBDA=1,	ANCESTDIST=0,	NUMBOXES=1000,	ANCESTPINT=0.90000,	GENSBACK=2,	MIGRPRIOR=0.01000,	PRINTQHAT=0,	PRINTQSUM=1,	ALPHA=1.0000,	FREQSCORR=1,	FPRIORMEAN=0.0100,	FPRIORSD=0.0500,	ONEFST=0,	LAMBDA=1.0000,	UNIFPRIORALPHA=1,	ALPHAMAX=10.0000,	ALPHAPRIORA=1.0000,	ALPHAPRIORB=2.0000,	ALPHAPROPSD=0.0250,	STARTATPOPINFO=0,	RANDOMIZE=1,	LINKAGE=0,	METROFREQ=10,	REPORTHITRATE=0,	MARKOVPHASE=0,	PHASED=0,	PLOIDY=2,	PHASEINFO=0	LOCPRIOR=0, 	LOCPRIORINIT=1.000000, 	LOCDATA=0, 	LOCISPOP=1, 	LOCPRIORSTEP=0.100000, 	MAXLOCPRIOR=20.000000, 	SEED=1493848853,	
[STRAT parameters]:    NUMSIMSTATS=1000,	PHENOTYPECOL=-9,	POOLFREQ=10,	LOCUSxONLY=0,	EMERROR=0.00100,	MISSINGPHENO=-9,	