

----------------------------------------------------
STRUCTURE by Pritchard, Stephens and Donnelly (2000)
     and Falush, Stephens and Pritchard (2003)
       Code by Pritchard, Falush and Hubisz
             Version 2.3.4 (Jul 2012)
----------------------------------------------------



Command line arguments:   /Users/Rachael/Documents/programs/structure/structure -K 4 -o K4.5 
Input File:    96snps_breeding.str

Run parameters:
   223 individuals
   96 loci
   4 populations assumed
   20000 Burn-in period
   50000 Reps


--------------------------------------------
Proportion of membership of each pre-defined
 population in each of the 4 clusters

Given    Inferred Clusters              Number of
 Pop       1      2      3      4      Individuals

  1:     0.044  0.034  0.726  0.196       12
  2:     0.179  0.043  0.516  0.263        9
  3:     0.963  0.007  0.021  0.010        8
  4:     0.671  0.041  0.135  0.152       20
  5:     0.005  0.979  0.005  0.011        6
  6:     0.065  0.735  0.015  0.184       12
  7:     0.014  0.973  0.008  0.004       11
  8:     0.017  0.904  0.020  0.059       17
  9:     0.075  0.715  0.029  0.181       11
 10:     0.662  0.092  0.063  0.183       22
 11:     0.003  0.990  0.003  0.004        7
 12:     0.083  0.885  0.011  0.022        5
 13:     0.707  0.012  0.063  0.218       10
 14:     0.006  0.974  0.005  0.015       17
 15:     0.012  0.955  0.013  0.020        9
 16:     0.854  0.004  0.015  0.128        1
 17:     0.874  0.008  0.089  0.029        9
 18:     0.052  0.903  0.015  0.031        8
 20:     0.661  0.019  0.086  0.233       12
 21:     0.441  0.004  0.419  0.135       17
--------------------------------------------

Allele-freq. divergence among pops (Net nucleotide distance),
computed using point estimates of P.

      1       2       3       4      
 1      -    0.2113  0.0261  0.0631  
 2   0.2113     -    0.2400  0.1464  
 3   0.0261  0.2400     -    0.0771  
 4   0.0631  0.1464  0.0771     -    

Average distances (expected heterozygosity) between individuals in same cluster:
cluster  1  : 0.1438 
cluster  2  : 0.2022 
cluster  3  : 0.2197 
cluster  4  : 0.1637 

--------------------------------------------
Estimated Ln Prob of Data   = -14018.4
Mean value of ln likelihood = -13772.8
Variance of ln likelihood   = 491.2
Mean value of alpha         = 0.0980

Mean value of Fst_1         = 0.3711
Mean value of Fst_2         = 0.5535
Mean value of Fst_3         = 0.2968
Mean value of Fst_4         = 0.4216


Inferred ancestry of individuals:
        Label (%Miss) Pop:  Inferred clusters
  1  96N0117    (2)    1 :  0.018 0.098 0.594 0.290 
  2  97N6723   (10)    1 :  0.196 0.031 0.700 0.074 
  3  97N5321    (0)    1 :  0.013 0.004 0.976 0.007 
  4  97N5322    (0)    1 :  0.072 0.002 0.919 0.007 
  5  97N5323    (0)    1 :  0.011 0.039 0.660 0.290 
  6  97N5324    (6)    1 :  0.060 0.010 0.925 0.006 
  7  97N5325    (0)    1 :  0.067 0.002 0.923 0.008 
  8  97N5327    (0)    1 :  0.022 0.036 0.308 0.634 
  9  97N5328    (0)    1 :  0.017 0.110 0.641 0.232 
 10  97N5329    (1)    1 :  0.020 0.047 0.498 0.435 
 11  97N5330    (0)    1 :  0.017 0.012 0.964 0.007 
 12  97N5331    (6)    1 :  0.012 0.023 0.601 0.364 
 13 07N13314    (0)    3 :  0.981 0.002 0.011 0.005 
 14 07N13315    (0)    3 :  0.970 0.002 0.021 0.008 
 15 07N13316    (0)    3 :  0.956 0.009 0.025 0.010 
 16 07N13317    (0)    3 :  0.937 0.002 0.055 0.005 
 17 07N13545    (0)    3 :  0.973 0.003 0.013 0.011 
 18 07N13546    (0)    3 :  0.960 0.026 0.007 0.007 
 19 07N13547    (0)    3 :  0.968 0.004 0.008 0.020 
 20 07N13548    (0)    3 :  0.957 0.009 0.024 0.010 
 21  05N4604    (0)    4 :  0.376 0.006 0.130 0.488 
 22  05N4605    (0)    4 :  0.953 0.008 0.032 0.008 
 23  05N4607    (0)    4 :  0.488 0.006 0.071 0.435 
 24  05N4608    (0)    4 :  0.856 0.027 0.080 0.037 
 25  05N4610   (12)    4 :  0.534 0.027 0.144 0.294 
 26  05N4624    (0)    4 :  0.979 0.002 0.013 0.006 
 27  05N4625    (0)    4 :  0.532 0.004 0.018 0.446 
 28  05N4627    (0)    4 :  0.977 0.003 0.014 0.006 
 29  05N4628    (2)    4 :  0.103 0.241 0.358 0.297 
 30  09N1347    (0)    4 :  0.657 0.220 0.076 0.048 
 31  09N1348    (1)    4 :  0.835 0.102 0.056 0.007 
 32  01N7123    (1)    4 :  0.750 0.002 0.238 0.010 
 33  01N7124    (0)    4 :  0.968 0.003 0.020 0.010 
 34  01N7125    (0)    4 :  0.787 0.068 0.128 0.016 
 35  01N7126    (0)    4 :  0.491 0.004 0.236 0.269 
 36  01N7127    (1)    4 :  0.684 0.077 0.009 0.230 
 37  01N7128    (0)    4 :  0.915 0.003 0.042 0.040 
 38  01N7129    (0)    4 :  0.707 0.005 0.008 0.280 
 39  01N7130    (0)    4 :  0.775 0.007 0.117 0.100 
 40  13N0516    (0)    4 :  0.051 0.013 0.917 0.019 
 41  02N9746    (0)    5 :  0.011 0.956 0.008 0.025 
 42 06N29507    (0)    5 :  0.007 0.971 0.004 0.018 
 43 06N29508    (0)    5 :  0.005 0.982 0.003 0.010 
 44 07N21016    (0)    5 :  0.002 0.992 0.002 0.003 
 45 07N21027    (2)    5 :  0.005 0.979 0.008 0.008 
 46 07N34099    (0)    5 :  0.002 0.993 0.002 0.003 
 47  99N0522    (0)   18 :  0.013 0.832 0.012 0.143 
 48  99N0524    (0)   18 :  0.007 0.973 0.004 0.016 
 49  99N0525    (0)   18 :  0.003 0.992 0.002 0.003 
 50  99N0526    (0)   18 :  0.009 0.933 0.006 0.052 
 51  99N0527    (1)   18 :  0.275 0.707 0.014 0.004 
 52  99N0528    (0)   18 :  0.007 0.972 0.004 0.017 
 53  99N0529    (0)   18 :  0.095 0.831 0.069 0.005 
 54  99N0530    (0)   18 :  0.004 0.983 0.007 0.006 
 55     7038    (1)   11 :  0.004 0.982 0.006 0.008 
 56 07N18309    (0)   12 :  0.004 0.988 0.003 0.005 
 57 07N18343    (2)   12 :  0.371 0.600 0.014 0.016 
 58 07N18346    (0)   12 :  0.007 0.969 0.020 0.005 
 59 07N18356    (0)   12 :  0.009 0.942 0.011 0.038 
 60 07N18361    (0)   12 :  0.025 0.925 0.005 0.044 
 61  00N5172    (0)   10 :  0.698 0.190 0.014 0.097 
 62  00N5173    (0)   10 :  0.754 0.148 0.059 0.040 
 63  11N3234    (0)   10 :  0.511 0.053 0.011 0.425 
 64  12N2944    (0)   10 :  0.844 0.081 0.067 0.008 
 65  00N5171    (0)   10 :  0.476 0.273 0.087 0.163 
 66  11N3237    (0)   10 :  0.213 0.076 0.090 0.621 
 67  11N3238    (0)   10 :  0.776 0.149 0.023 0.052 
 68  11N3239    (0)   10 :  0.821 0.072 0.095 0.011 
 69  11N3240    (0)   10 :  0.574 0.009 0.020 0.398 
 70  02N2288    (0)   10 :  0.643 0.011 0.022 0.324 
 71  02N2289    (1)   10 :  0.708 0.002 0.284 0.006 
 72  02N2292    (2)   10 :  0.923 0.018 0.053 0.006 
 73  05N5315    (0)   10 :  0.978 0.003 0.011 0.008 
 74 03N0775.    (0)   10 :  0.451 0.026 0.021 0.501 
 75  03N0776    (0)   10 :  0.887 0.019 0.032 0.062 
 76  03N0777    (0)   10 :  0.675 0.003 0.014 0.308 
 77  03N0778    (0)   10 :  0.834 0.097 0.017 0.052 
 78  03N0782    (0)   10 :  0.825 0.059 0.109 0.007 
 79  03N0798    (0)   10 :  0.546 0.160 0.109 0.185 
 80  03N6168    (0)   13 :  0.347 0.005 0.025 0.623 
 81  03N6169    (0)   13 :  0.938 0.007 0.047 0.007 
 82  03N6176    (0)   13 :  0.915 0.024 0.045 0.016 
 83  03N6177    (0)   13 :  0.976 0.004 0.010 0.010 
 84  03N6178    (0)   13 :  0.416 0.004 0.082 0.498 
 85  97N6797    (0)   13 :  0.928 0.021 0.017 0.035 
 86  97N6798    (0)   13 :  0.605 0.002 0.353 0.040 
 87  97N6799    (0)   13 :  0.807 0.008 0.016 0.170 
 88  97N6800    (0)   13 :  0.823 0.043 0.008 0.127 
 89  97N6801    (0)   13 :  0.317 0.005 0.024 0.654 
 90  97N5259    (0)   14 :  0.005 0.978 0.005 0.012 
 91  97N5262    (0)   14 :  0.015 0.883 0.013 0.089 
 92  97N5267    (0)   14 :  0.004 0.976 0.005 0.015 
 93  97N5268    (0)   14 :  0.004 0.982 0.004 0.010 
 94  97N5269    (0)   14 :  0.005 0.985 0.005 0.005 
 95  99N0688    (0)   14 :  0.003 0.989 0.003 0.005 
 96  00N5322    (1)   14 :  0.003 0.989 0.002 0.005 
 97  99N1162    (0)   14 :  0.004 0.987 0.003 0.006 
 98  06N4619    (0)   14 :  0.003 0.989 0.003 0.005 
 99  06N4628    (0)   14 :  0.003 0.991 0.003 0.004 
100  06N4633    (0)   14 :  0.017 0.953 0.006 0.024 
101  06N4634    (0)   14 :  0.002 0.992 0.002 0.003 
102  06N4635    (0)   14 :  0.011 0.933 0.013 0.044 
103  99N1157    (0)   14 :  0.003 0.992 0.002 0.004 
104  99N1159    (1)   14 :  0.002 0.992 0.002 0.003 
105  99N1160    (0)   14 :  0.002 0.992 0.002 0.004 
106  99N1161    (0)   14 :  0.014 0.956 0.007 0.022 
107  14N0241    (0)   15 :  0.018 0.959 0.012 0.011 
108  14N0242    (0)   15 :  0.003 0.991 0.002 0.004 
109  14N0282    (0)   15 :  0.020 0.936 0.012 0.032 
110  14N0283    (0)   15 :  0.040 0.927 0.019 0.014 
111  14N0284    (0)   15 :  0.008 0.925 0.019 0.048 
112  14N0285    (0)   15 :  0.005 0.961 0.010 0.024 
113  14N0286    (0)   15 :  0.003 0.987 0.003 0.006 
114  15N0132    (0)   15 :  0.007 0.963 0.007 0.023 
115  15N0192    (0)   15 :  0.005 0.948 0.032 0.015 
116  08N1182    (0)   16 :  0.854 0.004 0.015 0.128 
117     7039    (0)   11 :  0.002 0.994 0.002 0.002 
118  02N8790    (0)    8 :  0.009 0.842 0.016 0.133 
119  02N8792    (0)    8 :  0.010 0.942 0.004 0.044 
120  02N8801    (1)    8 :  0.005 0.951 0.013 0.030 
121  02N8803    (0)    8 :  0.005 0.981 0.004 0.010 
122  02N8805    (0)    8 :  0.158 0.780 0.059 0.004 
123  02N8807    (0)    8 :  0.004 0.977 0.007 0.011 
124  02N8811    (0)    8 :  0.006 0.978 0.005 0.011 
125  02N8816    (0)    8 :  0.007 0.787 0.009 0.198 
126  02N8827    (0)    8 :  0.003 0.989 0.002 0.005 
127  02N8829    (1)    8 :  0.011 0.955 0.008 0.025 
128 08N23341    (0)    8 :  0.020 0.893 0.008 0.079 
129  05N8693    (0)   17 :  0.977 0.003 0.011 0.008 
130  06N0762    (0)   17 :  0.816 0.014 0.119 0.051 
131  06N1404    (0)   17 :  0.895 0.004 0.046 0.055 
132  06N1475    (0)   17 :  0.838 0.027 0.050 0.085 
133  07N1314    (0)   17 :  0.980 0.002 0.012 0.006 
134  08N1304    (0)   17 :  0.939 0.004 0.046 0.011 
135  08N1379    (0)   17 :  0.568 0.003 0.416 0.013 
136  08N1663    (0)   17 :  0.965 0.003 0.025 0.007 
137  08N1665    (0)   17 :  0.890 0.010 0.077 0.023 
138  00N5479    (0)    7 :  0.002 0.995 0.002 0.002 
139  00N5480    (0)    7 :  0.011 0.967 0.006 0.016 
140  00N5481    (0)    7 :  0.002 0.994 0.002 0.002 
141  00N5482    (0)    7 :  0.002 0.994 0.002 0.002 
142  00N5483    (0)    7 :  0.003 0.991 0.002 0.004 
143  00N5484    (0)    7 :  0.002 0.995 0.001 0.002 
144  00N5485    (0)    7 :  0.124 0.803 0.070 0.003 
145  00N5486    (0)    7 :  0.003 0.991 0.002 0.004 
146 08N22058    (0)    7 :  0.003 0.988 0.003 0.006 
147 10N16953    (0)    7 :  0.003 0.991 0.002 0.004 
148 10N16968    (0)    7 :  0.002 0.994 0.002 0.002 
149  96N0277    (0)   20 :  0.776 0.004 0.052 0.169 
150  96N0278    (0)   20 :  0.899 0.005 0.084 0.012 
151  96N0279    (0)   20 :  0.762 0.121 0.071 0.045 
152  96N0280    (0)   20 :  0.262 0.014 0.656 0.068 
153  96N0281    (0)   20 :  0.889 0.006 0.006 0.099 
154  96N0282    (0)   20 :  0.306 0.005 0.035 0.654 
155  96N0283    (0)   20 :  0.954 0.022 0.019 0.005 
156  96N0284    (0)   20 :  0.578 0.028 0.035 0.359 
157  96N0285    (0)   20 :  0.623 0.019 0.028 0.330 
158  96N0291    (0)   20 :  0.970 0.002 0.020 0.008 
159  96N0299    (0)   20 :  0.308 0.003 0.015 0.673 
160  96N0300    (0)   20 :  0.603 0.005 0.016 0.376 
161  01N4476    (0)    6 :  0.026 0.752 0.006 0.216 
162  01N4477    (0)    6 :  0.013 0.472 0.007 0.508 
163  02N1415    (0)    6 :  0.016 0.705 0.008 0.271 
164  02N1416    (0)    6 :  0.013 0.824 0.012 0.152 
165  02N1417    (0)    6 :  0.015 0.726 0.011 0.248 
166  02N1418    (1)    6 :  0.016 0.805 0.009 0.170 
167  02N1419    (0)    6 :  0.009 0.753 0.005 0.233 
168  02N1420    (2)    6 :  0.350 0.603 0.028 0.018 
169  02N1421    (0)    6 :  0.248 0.681 0.053 0.018 
170  02N1422    (0)    6 :  0.048 0.704 0.008 0.240 
171  97N6629    (0)    6 :  0.023 0.825 0.029 0.122 
172  97N6628    (0)    6 :  0.007 0.974 0.005 0.015 
173 06N35383    (0)   21 :  0.178 0.003 0.214 0.606 
174 09N17890    (0)   21 :  0.505 0.002 0.478 0.015 
175 09N18315    (0)   21 :  0.616 0.003 0.357 0.023 
176 10N16477    (0)   21 :  0.371 0.002 0.618 0.008 
177 10N16478    (0)   21 :  0.329 0.002 0.659 0.010 
178  02N1139    (0)   21 :  0.283 0.004 0.696 0.017 
179  02N1140    (0)   21 :  0.704 0.005 0.282 0.009 
180  03N4284    (0)   21 :  0.351 0.005 0.635 0.009 
181  03N6131    (0)   21 :  0.845 0.019 0.123 0.014 
182  03N6132    (0)   21 :  0.429 0.003 0.126 0.443 
183  04N7586    (0)   21 :  0.808 0.003 0.183 0.007 
184  04N7587    (0)   21 :  0.594 0.002 0.385 0.020 
185  04N7588    (0)   21 :  0.603 0.002 0.374 0.022 
186  05N5632    (0)   21 :  0.138 0.011 0.843 0.008 
187 09N17508    (0)   21 :  0.597 0.002 0.391 0.011 
188  97N6283    (0)   21 :  0.033 0.003 0.488 0.475 
189  97N6284    (0)   21 :  0.119 0.002 0.280 0.600 
190 07N28554    (0)    9 :  0.006 0.903 0.039 0.052 
191 07N28571    (0)    9 :  0.064 0.801 0.014 0.122 
192 07N28591    (0)    9 :  0.011 0.597 0.013 0.379 
193 07N28640    (0)    9 :  0.009 0.611 0.017 0.363 
194 07N28922    (0)    9 :  0.151 0.809 0.032 0.008 
195 08N21408    (0)    9 :  0.009 0.768 0.016 0.206 
196 08N21409    (0)    9 :  0.020 0.743 0.028 0.209 
197 08N21430    (0)    9 :  0.212 0.679 0.088 0.021 
198 08N21435    (0)    9 :  0.014 0.385 0.022 0.579 
199 08N21446    (0)    9 :  0.005 0.917 0.036 0.042 
200 08N21938    (0)    9 :  0.321 0.653 0.016 0.010 
201     7040    (0)   11 :  0.006 0.980 0.004 0.010 
202  98N3510    (0)    8 :  0.009 0.746 0.011 0.235 
203  98N3517    (0)    8 :  0.007 0.965 0.010 0.018 
204  98N3518    (0)    8 :  0.013 0.860 0.074 0.052 
205  98N3519    (0)    8 :  0.006 0.962 0.010 0.022 
206  98N3520    (0)    8 :  0.010 0.895 0.067 0.028 
207  98N3521    (0)    8 :  0.014 0.868 0.024 0.093 
208  00N5114    (0)   10 :  0.442 0.357 0.099 0.102 
209  00N5115    (0)   10 :  0.787 0.152 0.041 0.020 
210  00N5116    (0)   10 :  0.202 0.069 0.097 0.632 
211     3101    (0)    2 :  0.535 0.004 0.428 0.033 
212     3102    (0)    2 :  0.015 0.018 0.306 0.660 
213     3103    (1)    2 :  0.141 0.088 0.398 0.374 
214     3104    (0)    2 :  0.234 0.007 0.754 0.006 
215     3105    (0)    2 :  0.026 0.006 0.495 0.474 
216     3106    (0)    2 :  0.025 0.026 0.476 0.473 
217     3107    (0)    2 :  0.133 0.005 0.849 0.013 
218     3108    (0)    2 :  0.435 0.017 0.540 0.008 
219     3109    (0)    2 :  0.065 0.215 0.397 0.324 
220     7037    (0)   11 :  0.003 0.992 0.002 0.004 
221     7042    (1)   11 :  0.002 0.994 0.002 0.003 
222     7043    (0)   11 :  0.002 0.994 0.002 0.003 
223     7044    (0)   11 :  0.002 0.994 0.002 0.002 


Estimated Allele Frequencies in each cluster
First column gives estimated ancestral frequencies


Locus 1 : 
2 alleles
0.9% missing data
   3   (0.721) 0.766 0.248 0.939 0.948 
   4   (0.279) 0.234 0.752 0.061 0.052 

Locus 2 : 
2 alleles
0.0% missing data
   3   (0.711) 0.877 0.902 0.643 0.970 
   1   (0.289) 0.123 0.098 0.357 0.030 

Locus 3 : 
2 alleles
0.0% missing data
   1   (0.562) 0.184 0.998 0.074 0.967 
   4   (0.438) 0.816 0.002 0.926 0.033 

Locus 4 : 
2 alleles
0.0% missing data
   3   (0.778) 0.965 0.999 0.787 0.833 
   1   (0.222) 0.035 0.001 0.213 0.167 

Locus 5 : 
2 alleles
0.0% missing data
   2   (0.758) 0.911 0.991 0.851 0.922 
   4   (0.242) 0.089 0.009 0.149 0.078 

Locus 6 : 
2 alleles
0.4% missing data
   3   (0.857) 0.992 0.983 0.987 0.927 
   1   (0.143) 0.008 0.017 0.013 0.073 

Locus 7 : 
2 alleles
1.8% missing data
   4   (0.521) 0.613 0.668 0.419 0.605 
   2   (0.479) 0.387 0.332 0.581 0.395 

Locus 8 : 
2 alleles
0.0% missing data
   1   (0.678) 0.992 0.007 0.784 0.809 
   3   (0.322) 0.008 0.993 0.216 0.191 

Locus 9 : 
2 alleles
0.0% missing data
   3   (0.849) 0.991 0.996 0.950 0.963 
   1   (0.151) 0.009 0.004 0.050 0.037 

Locus 10 : 
2 alleles
0.0% missing data
   1   (0.732) 0.995 0.007 0.963 0.368 
   4   (0.268) 0.005 0.993 0.037 0.632 

Locus 11 : 
2 alleles
0.0% missing data
   3   (0.700) 0.931 0.979 0.616 0.884 
   1   (0.300) 0.069 0.021 0.384 0.116 

Locus 12 : 
2 alleles
0.0% missing data
   1   (0.680) 0.760 0.660 0.839 0.912 
   3   (0.320) 0.240 0.340 0.161 0.088 

Locus 13 : 
2 alleles
1.3% missing data
   2   (0.842) 0.989 0.989 0.948 0.991 
   4   (0.158) 0.011 0.011 0.052 0.009 

Locus 14 : 
2 alleles
0.0% missing data
   2   (0.736) 0.851 0.995 0.719 0.929 
   1   (0.264) 0.149 0.005 0.281 0.071 

Locus 15 : 
2 alleles
0.0% missing data
   1   (0.635) 0.985 0.003 0.969 0.059 
   2   (0.365) 0.015 0.997 0.031 0.941 

Locus 16 : 
2 alleles
0.0% missing data
   1   (0.850) 0.993 0.999 0.918 0.852 
   3   (0.150) 0.007 0.001 0.082 0.148 

Locus 17 : 
2 alleles
0.0% missing data
   2   (0.540) 0.647 0.980 0.349 0.389 
   4   (0.460) 0.353 0.020 0.651 0.611 

Locus 18 : 
2 alleles
0.0% missing data
   2   (0.813) 0.977 0.995 0.673 0.984 
   4   (0.187) 0.023 0.005 0.327 0.016 

Locus 19 : 
2 alleles
0.9% missing data
   3   (0.721) 0.902 0.941 0.867 0.888 
   1   (0.279) 0.098 0.059 0.133 0.112 

Locus 20 : 
2 alleles
0.0% missing data
   4   (0.763) 0.951 0.981 0.853 0.944 
   2   (0.237) 0.049 0.019 0.147 0.056 

Locus 21 : 
2 alleles
0.0% missing data
   2   (0.709) 0.888 0.931 0.681 0.951 
   4   (0.291) 0.112 0.069 0.319 0.049 

Locus 22 : 
2 alleles
0.0% missing data
   2   (0.764) 0.783 0.999 0.510 0.980 
   4   (0.236) 0.217 0.001 0.490 0.020 

Locus 23 : 
2 alleles
0.9% missing data
   2   (0.768) 0.962 0.982 0.861 0.929 
   4   (0.232) 0.038 0.018 0.139 0.071 

Locus 24 : 
2 alleles
0.0% missing data
   1   (0.447) 0.291 0.083 0.503 0.571 
   3   (0.553) 0.709 0.917 0.497 0.429 

Locus 25 : 
2 alleles
0.0% missing data
   1   (0.751) 0.753 0.999 0.420 0.981 
   3   (0.249) 0.247 0.001 0.580 0.019 

Locus 26 : 
2 alleles
0.0% missing data
   3   (0.798) 0.963 0.993 0.794 0.978 
   2   (0.202) 0.037 0.007 0.206 0.022 

Locus 27 : 
2 alleles
0.4% missing data
   4   (0.381) 0.087 0.053 0.619 0.228 
   2   (0.619) 0.913 0.947 0.381 0.772 

Locus 28 : 
2 alleles
0.0% missing data
   4   (0.536) 0.556 0.006 0.853 0.795 
   2   (0.464) 0.444 0.994 0.147 0.205 

Locus 29 : 
2 alleles
0.0% missing data
   3   (0.789) 0.947 0.997 0.934 0.864 
   1   (0.211) 0.053 0.003 0.066 0.136 

Locus 30 : 
2 alleles
0.9% missing data
   3   (0.709) 0.993 0.004 0.969 0.279 
   1   (0.291) 0.007 0.996 0.031 0.721 

Locus 31 : 
2 alleles
0.4% missing data
   2   (0.573) 0.972 0.003 0.952 0.046 
   4   (0.427) 0.028 0.997 0.048 0.954 

Locus 32 : 
2 alleles
0.4% missing data
   1   (0.860) 0.996 0.996 0.846 0.979 
   3   (0.140) 0.004 0.004 0.154 0.021 

Locus 33 : 
2 alleles
0.0% missing data
   4   (0.522) 0.556 0.003 0.855 0.807 
   2   (0.478) 0.444 0.997 0.145 0.193 

Locus 34 : 
2 alleles
0.0% missing data
   2   (0.781) 0.939 0.998 0.812 0.905 
   4   (0.219) 0.061 0.002 0.188 0.095 

Locus 35 : 
2 alleles
0.9% missing data
   4   (0.631) 0.913 0.005 0.768 0.953 
   1   (0.369) 0.087 0.995 0.232 0.047 

Locus 36 : 
2 alleles
0.0% missing data
   3   (0.727) 0.940 0.984 0.818 0.827 
   2   (0.273) 0.060 0.016 0.182 0.173 

Locus 37 : 
2 alleles
0.0% missing data
   4   (0.781) 0.993 0.937 0.838 0.903 
   2   (0.219) 0.007 0.063 0.162 0.097 

Locus 38 : 
2 alleles
0.0% missing data
   1   (0.643) 0.801 0.900 0.720 0.781 
   3   (0.357) 0.199 0.100 0.280 0.219 

Locus 39 : 
2 alleles
0.0% missing data
   4   (0.538) 0.896 0.004 0.947 0.105 
   2   (0.462) 0.104 0.996 0.053 0.895 

Locus 40 : 
2 alleles
1.3% missing data
   3   (0.681) 0.916 0.983 0.481 0.857 
   1   (0.319) 0.084 0.017 0.519 0.143 

Locus 41 : 
2 alleles
0.0% missing data
   1   (0.782) 0.958 0.995 0.759 0.953 
   3   (0.218) 0.042 0.005 0.241 0.047 

Locus 42 : 
2 alleles
0.0% missing data
   1   (0.840) 0.924 0.996 0.979 0.961 
   2   (0.160) 0.076 0.004 0.021 0.039 

Locus 43 : 
2 alleles
0.9% missing data
   1   (0.881) 0.998 0.995 0.849 0.992 
   3   (0.119) 0.002 0.005 0.151 0.008 

Locus 44 : 
2 alleles
0.0% missing data
   3   (0.770) 0.977 0.996 0.736 0.855 
   1   (0.230) 0.023 0.004 0.264 0.145 

Locus 45 : 
2 alleles
0.0% missing data
   3   (0.789) 0.979 0.207 0.947 0.963 
   1   (0.211) 0.021 0.793 0.053 0.037 

Locus 46 : 
2 alleles
0.0% missing data
   4   (0.914) 0.999 0.532 0.996 0.997 
   2   (0.086) 0.001 0.468 0.004 0.003 

Locus 47 : 
2 alleles
0.9% missing data
   4   (0.871) 0.988 0.809 0.985 0.993 
   3   (0.129) 0.012 0.191 0.015 0.007 

Locus 48 : 
2 alleles
0.0% missing data
   2   (0.833) 0.941 0.615 0.985 0.988 
   4   (0.167) 0.059 0.385 0.015 0.012 

Locus 49 : 
2 alleles
0.0% missing data
   3   (0.690) 0.985 0.116 0.626 0.866 
   1   (0.310) 0.015 0.884 0.374 0.134 

Locus 50 : 
2 alleles
0.4% missing data
   2   (0.525) 0.531 0.089 0.782 0.463 
   4   (0.475) 0.469 0.911 0.218 0.537 

Locus 51 : 
2 alleles
0.0% missing data
   1   (0.728) 0.914 0.864 0.827 0.941 
   3   (0.272) 0.086 0.136 0.173 0.059 

Locus 52 : 
2 alleles
0.0% missing data
   2   (0.919) 0.999 0.875 0.996 0.998 
   4   (0.081) 0.001 0.125 0.004 0.002 

Locus 53 : 
2 alleles
0.9% missing data
   1   (0.694) 0.984 0.044 0.869 0.717 
   3   (0.306) 0.016 0.956 0.131 0.283 

Locus 54 : 
2 alleles
0.0% missing data
   3   (0.759) 0.937 0.669 0.954 0.913 
   1   (0.241) 0.063 0.331 0.046 0.087 

Locus 55 : 
2 alleles
0.0% missing data
   2   (0.709) 0.920 0.275 0.862 0.933 
   4   (0.291) 0.080 0.725 0.138 0.067 

Locus 56 : 
2 alleles
0.0% missing data
   3   (0.743) 0.914 0.685 0.858 0.974 
   2   (0.257) 0.086 0.315 0.142 0.026 

Locus 57 : 
2 alleles
0.0% missing data
   2   (0.729) 0.900 0.984 0.799 0.920 
   1   (0.271) 0.100 0.016 0.201 0.080 

Locus 58 : 
2 alleles
0.0% missing data
   2   (0.827) 0.958 0.910 0.983 0.969 
   4   (0.173) 0.042 0.090 0.017 0.031 

Locus 59 : 
2 alleles
0.9% missing data
   3   (0.907) 0.998 0.345 0.995 0.996 
   4   (0.093) 0.002 0.655 0.005 0.004 

Locus 60 : 
2 alleles
0.0% missing data
   3   (0.848) 0.992 0.705 0.975 0.987 
   1   (0.152) 0.008 0.295 0.025 0.013 

Locus 61 : 
2 alleles
0.0% missing data
   2   (0.661) 0.791 0.091 0.874 0.913 
   4   (0.339) 0.209 0.909 0.126 0.087 

Locus 62 : 
2 alleles
0.0% missing data
   4   (0.572) 0.552 0.241 0.807 0.673 
   3   (0.428) 0.448 0.759 0.193 0.327 

Locus 63 : 
2 alleles
0.0% missing data
   3   (0.743) 0.959 0.592 0.881 0.938 
   1   (0.257) 0.041 0.408 0.119 0.062 

Locus 64 : 
2 alleles
0.4% missing data
   2   (0.739) 0.944 0.010 0.968 0.931 
   4   (0.261) 0.056 0.990 0.032 0.069 

Locus 65 : 
2 alleles
0.4% missing data
   2   (0.647) 0.904 0.949 0.510 0.818 
   4   (0.353) 0.096 0.051 0.490 0.182 

Locus 66 : 
2 alleles
0.0% missing data
   2   (0.825) 0.978 0.719 0.977 0.964 
   1   (0.175) 0.022 0.281 0.023 0.036 

Locus 67 : 
2 alleles
0.4% missing data
   3   (0.809) 0.992 0.653 0.883 0.981 
   1   (0.191) 0.008 0.347 0.117 0.019 

Locus 68 : 
2 alleles
0.4% missing data
   3   (0.818) 0.976 0.662 0.946 0.991 
   1   (0.182) 0.024 0.338 0.054 0.009 

Locus 69 : 
2 alleles
0.4% missing data
   2   (0.917) 0.999 0.758 0.996 0.998 
   1   (0.083) 0.001 0.242 0.004 0.002 

Locus 70 : 
2 alleles
0.0% missing data
   2   (0.693) 0.891 0.636 0.908 0.797 
   1   (0.307) 0.109 0.364 0.092 0.203 

Locus 71 : 
2 alleles
0.4% missing data
   4   (0.867) 0.998 0.782 0.959 0.995 
   2   (0.133) 0.002 0.218 0.041 0.005 

Locus 72 : 
2 alleles
0.0% missing data
   1   (0.312) 0.086 0.708 0.284 0.042 
   4   (0.688) 0.914 0.292 0.716 0.958 

Locus 73 : 
2 alleles
2.2% missing data
   2   (0.759) 0.955 0.742 0.918 0.941 
   4   (0.241) 0.045 0.258 0.082 0.059 

Locus 74 : 
2 alleles
0.4% missing data
   4   (0.781) 0.942 0.997 0.858 0.919 
   2   (0.219) 0.058 0.003 0.142 0.081 

Locus 75 : 
2 alleles
0.0% missing data
   4   (0.417) 0.221 0.139 0.519 0.299 
   2   (0.583) 0.779 0.861 0.481 0.701 

Locus 76 : 
2 alleles
0.4% missing data
   2   (0.795) 0.925 0.517 0.969 0.969 
   3   (0.205) 0.075 0.483 0.031 0.031 

Locus 77 : 
2 alleles
0.0% missing data
   2   (0.681) 0.988 0.009 0.875 0.741 
   4   (0.319) 0.012 0.991 0.125 0.259 

Locus 78 : 
2 alleles
0.4% missing data
   3   (0.766) 0.960 0.809 0.942 0.915 
   1   (0.234) 0.040 0.191 0.058 0.085 

Locus 79 : 
2 alleles
0.0% missing data
   4   (0.820) 0.911 0.786 0.986 0.976 
   2   (0.180) 0.089 0.214 0.014 0.024 

Locus 80 : 
2 alleles
0.4% missing data
   4   (0.516) 0.613 0.718 0.407 0.551 
   3   (0.484) 0.387 0.282 0.593 0.449 

Locus 81 : 
2 alleles
0.4% missing data
   1   (0.901) 0.998 0.521 0.992 0.996 
   3   (0.099) 0.002 0.479 0.008 0.004 

Locus 82 : 
2 alleles
0.4% missing data
   2   (0.800) 0.976 0.734 0.978 0.898 
   4   (0.200) 0.024 0.266 0.022 0.102 

Locus 83 : 
2 alleles
0.4% missing data
   4   (0.699) 0.796 0.329 0.932 0.887 
   3   (0.301) 0.204 0.671 0.068 0.113 

Locus 84 : 
2 alleles
0.0% missing data
   1   (0.865) 0.987 0.508 0.988 0.994 
   3   (0.135) 0.013 0.492 0.012 0.006 

Locus 85 : 
2 alleles
0.0% missing data
   2   (0.572) 0.642 0.930 0.534 0.596 
   3   (0.428) 0.358 0.070 0.466 0.404 

Locus 86 : 
2 alleles
0.9% missing data
   2   (0.544) 0.144 0.998 0.148 0.868 
   4   (0.456) 0.856 0.002 0.852 0.132 

Locus 87 : 
2 alleles
0.4% missing data
   3   (0.677) 0.990 0.007 0.975 0.069 
   1   (0.323) 0.010 0.993 0.025 0.931 

Locus 88 : 
2 alleles
0.0% missing data
   3   (0.919) 0.999 0.748 0.996 0.998 
   2   (0.081) 0.001 0.252 0.004 0.002 

Locus 89 : 
2 alleles
0.0% missing data
   3   (0.865) 0.998 0.458 0.967 0.985 
   2   (0.135) 0.002 0.542 0.033 0.015 

Locus 90 : 
2 alleles
0.0% missing data
   4   (0.751) 0.957 0.331 0.910 0.956 
   2   (0.249) 0.043 0.669 0.090 0.044 

Locus 91 : 
2 alleles
0.4% missing data
   1   (0.860) 0.998 0.705 0.964 0.983 
   3   (0.140) 0.002 0.295 0.036 0.017 

Locus 92 : 
2 alleles
0.0% missing data
   2   (0.740) 0.955 0.162 0.873 0.970 
   4   (0.260) 0.045 0.838 0.127 0.030 

Locus 93 : 
2 alleles
0.4% missing data
   2   (0.740) 0.962 0.907 0.760 0.942 
   4   (0.260) 0.038 0.093 0.240 0.058 

Locus 94 : 
2 alleles
0.0% missing data
   3   (0.731) 0.855 0.615 0.942 0.904 
   1   (0.269) 0.145 0.385 0.058 0.096 

Locus 95 : 
2 alleles
0.0% missing data
   4   (0.775) 0.929 0.535 0.978 0.880 
   2   (0.225) 0.071 0.465 0.022 0.120 

Locus 96 : 
2 alleles
1.8% missing data
   2   (0.860) 0.975 0.492 0.990 0.995 
   4   (0.140) 0.025 0.508 0.010 0.005 

Values of parameters used in structure:
DATAFILE=96snps_breeding.str,	OUTFILE=K4.5,	NUMINDS=223,	NUMLOCI=96,	MISSING=-9,	LABEL=1,	POPDATA=1,	POPFLAG=0,	PHENOTYPE=0,	EXTRACOLS=0,	MAXPOPS=4,	BURNIN=20000,	NUMREPS=50000,	USEPOPINFO=0,	INFERALPHA=1,	INFERLAMBDA=0,	POPSPECIFICLAMBDA=0,	POPALPHAS=0,	COMPUTEPROB=1,	NOADMIX=0,	ADMBURNIN=500,	UPDATEFREQ=100,	PRINTLIKES=0,	INTERMEDSAVE=0,	PRINTKLD=0,	PRINTNET=1,	PRINTLAMBDA=1,	ANCESTDIST=0,	NUMBOXES=1000,	ANCESTPINT=0.90000,	GENSBACK=2,	MIGRPRIOR=0.01000,	PRINTQHAT=0,	PRINTQSUM=1,	ALPHA=1.0000,	FREQSCORR=1,	FPRIORMEAN=0.0100,	FPRIORSD=0.0500,	ONEFST=0,	LAMBDA=1.0000,	UNIFPRIORALPHA=1,	ALPHAMAX=10.0000,	ALPHAPRIORA=1.0000,	ALPHAPRIORB=2.0000,	ALPHAPROPSD=0.0250,	STARTATPOPINFO=0,	RANDOMIZE=1,	LINKAGE=0,	METROFREQ=10,	REPORTHITRATE=0,	MARKOVPHASE=0,	PHASED=0,	PLOIDY=2,	PHASEINFO=0	LOCPRIOR=0, 	LOCPRIORINIT=1.000000, 	LOCDATA=0, 	LOCISPOP=1, 	LOCPRIORSTEP=0.100000, 	MAXLOCPRIOR=20.000000, 	SEED=1493849020,	
[STRAT parameters]:    NUMSIMSTATS=1000,	PHENOTYPECOL=-9,	POOLFREQ=10,	LOCUSxONLY=0,	EMERROR=0.00100,	MISSINGPHENO=-9,	