

----------------------------------------------------
STRUCTURE by Pritchard, Stephens and Donnelly (2000)
     and Falush, Stephens and Pritchard (2003)
       Code by Pritchard, Falush and Hubisz
             Version 2.3.4 (Jul 2012)
----------------------------------------------------



Command line arguments:   /Users/Rachael/Documents/programs/structure/structure -K 5 -o K5.1 
Input File:    96snps_breeding.str

Run parameters:
   223 individuals
   96 loci
   5 populations assumed
   20000 Burn-in period
   50000 Reps


--------------------------------------------
Proportion of membership of each pre-defined
 population in each of the 5 clusters

Given    Inferred Clusters                     Number of
 Pop       1      2      3      4      5      Individuals

  1:     0.009  0.016  0.655  0.014  0.306       12
  2:     0.008  0.009  0.695  0.047  0.240        9
  3:     0.007  0.007  0.972  0.010  0.004        8
  4:     0.022  0.026  0.834  0.032  0.085       20
  5:     0.893  0.008  0.005  0.085  0.009        6
  6:     0.117  0.120  0.035  0.703  0.026       12
  7:     0.951  0.006  0.021  0.019  0.003       11
  8:     0.506  0.007  0.018  0.440  0.029       17
  9:     0.194  0.029  0.068  0.638  0.071       11
 10:     0.031  0.028  0.768  0.112  0.061       22
 11:     0.977  0.006  0.002  0.011  0.004        7
 12:     0.652  0.211  0.006  0.111  0.020        5
 13:     0.011  0.032  0.845  0.014  0.098       10
 14:     0.928  0.006  0.005  0.045  0.016       17
 15:     0.751  0.005  0.013  0.216  0.014        9
 16:     0.004  0.005  0.951  0.008  0.032        1
 17:     0.007  0.016  0.955  0.008  0.015        9
 18:     0.820  0.006  0.063  0.084  0.027        8
 20:     0.011  0.029  0.818  0.035  0.107       12
 21:     0.004  0.005  0.898  0.004  0.089       17
--------------------------------------------

Allele-freq. divergence among pops (Net nucleotide distance),
computed using point estimates of P.

      1       2       3       4       5      
 1      -    0.1823  0.2366  0.0273  0.1502  
 2   0.1823     -    0.2097  0.1692  0.2171  
 3   0.2366  0.2097     -    0.1629  0.0963  
 4   0.0273  0.1692  0.1629     -    0.0835  
 5   0.1502  0.2171  0.0963  0.0835     -    

Average distances (expected heterozygosity) between individuals in same cluster:
cluster  1  : 0.2008 
cluster  2  : 0.0135 
cluster  3  : 0.1535 
cluster  4  : 0.2052 
cluster  5  : 0.2184 

--------------------------------------------
Estimated Ln Prob of Data   = -13865.5
Mean value of ln likelihood = -13643.6
Variance of ln likelihood   = 443.9
Mean value of alpha         = 0.0671

Mean value of Fst_1         = 0.4176
Mean value of Fst_2         = 0.9577
Mean value of Fst_3         = 0.4870
Mean value of Fst_4         = 0.2714
Mean value of Fst_5         = 0.3783


Inferred ancestry of individuals:
        Label (%Miss) Pop:  Inferred clusters
  1  96N0117    (2)    1 :  0.048 0.005 0.513 0.017 0.417 
  2  97N6723   (10)    1 :  0.015 0.006 0.850 0.040 0.089 
  3  97N5321    (0)    1 :  0.002 0.005 0.733 0.003 0.258 
  4  97N5322    (0)    1 :  0.001 0.002 0.990 0.001 0.006 
  5  97N5323    (0)    1 :  0.005 0.002 0.503 0.006 0.484 
  6  97N5324    (6)    1 :  0.002 0.136 0.847 0.002 0.013 
  7  97N5325    (0)    1 :  0.001 0.015 0.963 0.002 0.019 
  8  97N5327    (0)    1 :  0.006 0.003 0.324 0.012 0.655 
  9  97N5328    (0)    1 :  0.014 0.007 0.493 0.043 0.444 
 10  97N5329    (1)    1 :  0.006 0.004 0.437 0.022 0.531 
 11  97N5330    (0)    1 :  0.009 0.003 0.782 0.014 0.193 
 12  97N5331    (6)    1 :  0.003 0.003 0.430 0.004 0.561 
 13 07N13314    (0)    3 :  0.001 0.003 0.991 0.002 0.003 
 14 07N13315    (0)    3 :  0.002 0.002 0.992 0.002 0.003 
 15 07N13316    (0)    3 :  0.011 0.005 0.972 0.007 0.006 
 16 07N13317    (0)    3 :  0.002 0.002 0.992 0.002 0.002 
 17 07N13545    (0)    3 :  0.003 0.003 0.989 0.003 0.003 
 18 07N13546    (0)    3 :  0.024 0.010 0.916 0.046 0.003 
 19 07N13547    (0)    3 :  0.004 0.023 0.961 0.006 0.006 
 20 07N13548    (0)    3 :  0.009 0.008 0.963 0.015 0.005 
 21  05N4604    (0)    4 :  0.006 0.011 0.679 0.025 0.279 
 22  05N4605    (0)    4 :  0.005 0.002 0.984 0.006 0.003 
 23  05N4607    (0)    4 :  0.006 0.004 0.711 0.027 0.252 
 24  05N4608    (0)    4 :  0.022 0.038 0.891 0.021 0.027 
 25  05N4610   (12)    4 :  0.022 0.007 0.797 0.051 0.123 
 26  05N4624    (0)    4 :  0.002 0.006 0.987 0.002 0.003 
 27  05N4625    (0)    4 :  0.007 0.041 0.734 0.024 0.194 
 28  05N4627    (0)    4 :  0.002 0.005 0.987 0.003 0.002 
 29  05N4628    (2)    4 :  0.026 0.270 0.356 0.024 0.323 
 30  09N1347    (0)    4 :  0.179 0.048 0.714 0.043 0.016 
 31  09N1348    (1)    4 :  0.054 0.009 0.835 0.097 0.006 
 32  01N7123    (1)    4 :  0.001 0.001 0.991 0.002 0.004 
 33  01N7124    (0)    4 :  0.002 0.003 0.988 0.003 0.004 
 34  01N7125    (0)    4 :  0.061 0.017 0.874 0.043 0.004 
 35  01N7126    (0)    4 :  0.003 0.009 0.871 0.005 0.112 
 36  01N7127    (1)    4 :  0.023 0.035 0.709 0.208 0.024 
 37  01N7128    (0)    4 :  0.003 0.002 0.983 0.004 0.008 
 38  01N7129    (0)    4 :  0.010 0.004 0.896 0.039 0.051 
 39  01N7130    (0)    4 :  0.005 0.003 0.960 0.012 0.021 
 40  13N0516    (0)    4 :  0.005 0.007 0.731 0.006 0.251 
 41  02N9746    (0)    5 :  0.885 0.017 0.012 0.063 0.023 
 42 06N29507    (0)    5 :  0.640 0.004 0.004 0.343 0.008 
 43 06N29508    (0)    5 :  0.973 0.003 0.003 0.015 0.006 
 44 07N21016    (0)    5 :  0.976 0.003 0.002 0.016 0.003 
 45 07N21027    (2)    5 :  0.918 0.007 0.005 0.058 0.012 
 46 07N34099    (0)    5 :  0.967 0.014 0.002 0.014 0.003 
 47  99N0522    (0)   18 :  0.787 0.005 0.020 0.034 0.153 
 48  99N0524    (0)   18 :  0.934 0.004 0.006 0.041 0.015 
 49  99N0525    (0)   18 :  0.951 0.002 0.002 0.041 0.004 
 50  99N0526    (0)   18 :  0.528 0.010 0.006 0.434 0.022 
 51  99N0527    (1)   18 :  0.695 0.006 0.281 0.017 0.002 
 52  99N0528    (0)   18 :  0.954 0.005 0.005 0.025 0.011 
 53  99N0529    (0)   18 :  0.804 0.004 0.177 0.012 0.003 
 54  99N0530    (0)   18 :  0.905 0.014 0.004 0.071 0.006 
 55     7038    (1)   11 :  0.971 0.006 0.003 0.009 0.010 
 56 07N18309    (0)   12 :  0.917 0.026 0.003 0.046 0.008 
 57 07N18343    (2)   12 :  0.003 0.991 0.002 0.003 0.002 
 58 07N18346    (0)   12 :  0.873 0.004 0.012 0.094 0.016 
 59 07N18356    (0)   12 :  0.892 0.029 0.005 0.012 0.061 
 60 07N18361    (0)   12 :  0.574 0.006 0.007 0.402 0.012 
 61  00N5172    (0)   10 :  0.036 0.125 0.643 0.164 0.033 
 62  00N5173    (0)   10 :  0.065 0.009 0.784 0.129 0.014 
 63  11N3234    (0)   10 :  0.032 0.005 0.688 0.232 0.044 
 64  12N2944    (0)   10 :  0.026 0.137 0.789 0.044 0.003 
 65  00N5171    (0)   10 :  0.037 0.101 0.519 0.289 0.054 
 66  11N3237    (0)   10 :  0.027 0.004 0.547 0.143 0.279 
 67  11N3238    (0)   10 :  0.064 0.017 0.771 0.141 0.006 
 68  11N3239    (0)   10 :  0.064 0.004 0.898 0.031 0.004 
 69  11N3240    (0)   10 :  0.012 0.007 0.765 0.079 0.137 
 70  02N2288    (0)   10 :  0.017 0.005 0.827 0.082 0.070 
 71  02N2289    (1)   10 :  0.001 0.002 0.991 0.002 0.003 
 72  02N2292    (2)   10 :  0.017 0.004 0.967 0.008 0.003 
 73  05N5315    (0)   10 :  0.002 0.004 0.988 0.004 0.002 
 74 03N0775.    (0)   10 :  0.021 0.035 0.674 0.107 0.163 
 75  03N0776    (0)   10 :  0.019 0.005 0.920 0.020 0.036 
 76  03N0777    (0)   10 :  0.003 0.003 0.924 0.009 0.061 
 77  03N0778    (0)   10 :  0.032 0.012 0.830 0.111 0.015 
 78  03N0782    (0)   10 :  0.059 0.005 0.913 0.018 0.005 
 79  03N0798    (0)   10 :  0.027 0.008 0.673 0.232 0.060 
 80  03N6168    (0)   13 :  0.006 0.007 0.676 0.013 0.298 
 81  03N6169    (0)   13 :  0.004 0.085 0.905 0.003 0.003 
 82  03N6176    (0)   13 :  0.028 0.028 0.909 0.024 0.011 
 83  03N6177    (0)   13 :  0.003 0.075 0.913 0.005 0.003 
 84  03N6178    (0)   13 :  0.005 0.003 0.715 0.017 0.260 
 85  97N6797    (0)   13 :  0.007 0.100 0.877 0.011 0.006 
 86  97N6798    (0)   13 :  0.001 0.008 0.973 0.002 0.016 
 87  97N6799    (0)   13 :  0.010 0.006 0.935 0.025 0.024 
 88  97N6800    (0)   13 :  0.044 0.006 0.910 0.026 0.015 
 89  97N6801    (0)   13 :  0.004 0.007 0.635 0.011 0.342 
 90  97N5259    (0)   14 :  0.935 0.003 0.004 0.043 0.015 
 91  97N5262    (0)   14 :  0.854 0.016 0.025 0.013 0.091 
 92  97N5267    (0)   14 :  0.795 0.003 0.004 0.182 0.016 
 93  97N5268    (0)   14 :  0.936 0.006 0.003 0.042 0.013 
 94  97N5269    (0)   14 :  0.980 0.002 0.004 0.009 0.004 
 95  99N0688    (0)   14 :  0.972 0.004 0.003 0.016 0.005 
 96  00N5322    (1)   14 :  0.927 0.003 0.002 0.063 0.005 
 97  99N1162    (0)   14 :  0.979 0.003 0.003 0.010 0.006 
 98  06N4619    (0)   14 :  0.970 0.004 0.002 0.018 0.006 
 99  06N4628    (0)   14 :  0.975 0.002 0.002 0.018 0.003 
100  06N4633    (0)   14 :  0.922 0.029 0.011 0.030 0.008 
101  06N4634    (0)   14 :  0.978 0.003 0.002 0.013 0.004 
102  06N4635    (0)   14 :  0.694 0.007 0.006 0.228 0.065 
103  99N1157    (0)   14 :  0.970 0.006 0.002 0.019 0.003 
104  99N1159    (1)   14 :  0.983 0.002 0.002 0.011 0.002 
105  99N1160    (0)   14 :  0.957 0.004 0.002 0.034 0.003 
106  99N1161    (0)   14 :  0.942 0.004 0.014 0.023 0.017 
107  14N0241    (0)   15 :  0.815 0.004 0.029 0.144 0.008 
108  14N0242    (0)   15 :  0.978 0.002 0.002 0.015 0.003 
109  14N0282    (0)   15 :  0.870 0.014 0.019 0.079 0.019 
110  14N0283    (0)   15 :  0.837 0.006 0.052 0.096 0.008 
111  14N0284    (0)   15 :  0.222 0.005 0.003 0.758 0.013 
112  14N0285    (0)   15 :  0.847 0.004 0.004 0.106 0.038 
113  14N0286    (0)   15 :  0.899 0.004 0.003 0.086 0.010 
114  15N0132    (0)   15 :  0.920 0.003 0.006 0.052 0.020 
115  15N0192    (0)   15 :  0.369 0.005 0.002 0.612 0.012 
116  08N1182    (0)   16 :  0.004 0.005 0.951 0.008 0.032 
117     7039    (0)   11 :  0.990 0.003 0.001 0.004 0.002 
118  02N8790    (0)    8 :  0.799 0.004 0.010 0.037 0.150 
119  02N8792    (0)    8 :  0.105 0.002 0.002 0.887 0.004 
120  02N8801    (1)    8 :  0.753 0.006 0.004 0.193 0.044 
121  02N8803    (0)    8 :  0.727 0.010 0.004 0.248 0.011 
122  02N8805    (0)    8 :  0.750 0.003 0.227 0.018 0.002 
123  02N8807    (0)    8 :  0.639 0.013 0.003 0.325 0.021 
124  02N8811    (0)    8 :  0.685 0.005 0.004 0.299 0.007 
125  02N8816    (0)    8 :  0.021 0.005 0.002 0.967 0.006 
126  02N8827    (0)    8 :  0.893 0.003 0.003 0.096 0.005 
127  02N8829    (1)    8 :  0.468 0.004 0.004 0.518 0.007 
128 08N23341    (0)    8 :  0.423 0.006 0.011 0.540 0.020 
129  05N8693    (0)   17 :  0.002 0.008 0.984 0.003 0.003 
130  06N0762    (0)   17 :  0.015 0.006 0.916 0.020 0.043 
131  06N1404    (0)   17 :  0.002 0.004 0.984 0.004 0.007 
132  06N1475    (0)   17 :  0.026 0.019 0.877 0.022 0.057 
133  07N1314    (0)   17 :  0.002 0.007 0.985 0.003 0.003 
134  08N1304    (0)   17 :  0.003 0.068 0.919 0.005 0.005 
135  08N1379    (0)   17 :  0.003 0.002 0.981 0.004 0.011 
136  08N1663    (0)   17 :  0.002 0.002 0.990 0.003 0.003 
137  08N1665    (0)   17 :  0.005 0.024 0.961 0.005 0.006 
138  00N5479    (0)    7 :  0.989 0.003 0.001 0.004 0.002 
139  00N5480    (0)    7 :  0.905 0.010 0.010 0.068 0.007 
140  00N5481    (0)    7 :  0.986 0.004 0.001 0.007 0.002 
141  00N5482    (0)    7 :  0.989 0.003 0.001 0.006 0.002 
142  00N5483    (0)    7 :  0.984 0.002 0.002 0.010 0.003 
143  00N5484    (0)    7 :  0.987 0.002 0.001 0.008 0.002 
144  00N5485    (0)    7 :  0.780 0.010 0.201 0.008 0.002 
145  00N5486    (0)    7 :  0.947 0.003 0.002 0.046 0.002 
146 08N22058    (0)    7 :  0.931 0.017 0.003 0.037 0.012 
147 10N16953    (0)    7 :  0.970 0.014 0.002 0.010 0.003 
148 10N16968    (0)    7 :  0.989 0.002 0.001 0.006 0.002 
149  96N0277    (0)   20 :  0.004 0.006 0.937 0.013 0.041 
150  96N0278    (0)   20 :  0.002 0.002 0.988 0.003 0.005 
151  96N0279    (0)   20 :  0.059 0.034 0.805 0.089 0.013 
152  96N0280    (0)   20 :  0.003 0.002 0.754 0.006 0.235 
153  96N0281    (0)   20 :  0.006 0.069 0.898 0.015 0.012 
154  96N0282    (0)   20 :  0.004 0.005 0.626 0.012 0.353 
155  96N0283    (0)   20 :  0.007 0.093 0.884 0.013 0.003 
156  96N0284    (0)   20 :  0.020 0.051 0.720 0.168 0.041 
157  96N0285    (0)   20 :  0.012 0.057 0.767 0.066 0.098 
158  96N0291    (0)   20 :  0.001 0.002 0.991 0.002 0.004 
159  96N0299    (0)   20 :  0.004 0.009 0.656 0.017 0.313 
160  96N0300    (0)   20 :  0.007 0.021 0.793 0.013 0.166 
161  01N4476    (0)    6 :  0.025 0.037 0.008 0.911 0.018 
162  01N4477    (0)    6 :  0.020 0.012 0.085 0.723 0.160 
163  02N1415    (0)    6 :  0.016 0.015 0.005 0.957 0.006 
164  02N1416    (0)    6 :  0.042 0.004 0.004 0.929 0.020 
165  02N1417    (0)    6 :  0.031 0.026 0.006 0.888 0.049 
166  02N1418    (1)    6 :  0.083 0.005 0.004 0.904 0.004 
167  02N1419    (0)    6 :  0.020 0.002 0.003 0.965 0.010 
168  02N1420    (2)    6 :  0.001 0.995 0.001 0.001 0.001 
169  02N1421    (0)    6 :  0.497 0.020 0.284 0.193 0.007 
170  02N1422    (0)    6 :  0.032 0.312 0.006 0.636 0.014 
171  97N6629    (0)    6 :  0.059 0.005 0.007 0.920 0.009 
172  97N6628    (0)    6 :  0.575 0.005 0.003 0.409 0.008 
173 06N35383    (0)   21 :  0.002 0.007 0.588 0.003 0.400 
174 09N17890    (0)   21 :  0.001 0.002 0.991 0.002 0.004 
175 09N18315    (0)   21 :  0.002 0.002 0.984 0.004 0.008 
176 10N16477    (0)   21 :  0.001 0.002 0.992 0.001 0.004 
177 10N16478    (0)   21 :  0.001 0.003 0.986 0.002 0.008 
178  02N1139    (0)   21 :  0.005 0.003 0.965 0.008 0.018 
179  02N1140    (0)   21 :  0.005 0.004 0.972 0.010 0.009 
180  03N4284    (0)   21 :  0.005 0.011 0.965 0.006 0.013 
181  03N6131    (0)   21 :  0.018 0.004 0.964 0.007 0.007 
182  03N6132    (0)   21 :  0.002 0.004 0.735 0.004 0.255 
183  04N7586    (0)   21 :  0.002 0.026 0.966 0.002 0.003 
184  04N7587    (0)   21 :  0.001 0.002 0.989 0.002 0.006 
185  04N7588    (0)   21 :  0.001 0.002 0.987 0.002 0.008 
186  05N5632    (0)   21 :  0.012 0.002 0.960 0.010 0.016 
187 09N17508    (0)   21 :  0.001 0.002 0.991 0.001 0.005 
188  97N6283    (0)   21 :  0.003 0.006 0.623 0.005 0.364 
189  97N6284    (0)   21 :  0.001 0.002 0.601 0.003 0.393 
190 07N28554    (0)    9 :  0.028 0.003 0.002 0.964 0.003 
191 07N28571    (0)    9 :  0.687 0.082 0.062 0.151 0.018 
192 07N28591    (0)    9 :  0.039 0.003 0.011 0.816 0.131 
193 07N28640    (0)    9 :  0.077 0.016 0.011 0.737 0.159 
194 07N28922    (0)    9 :  0.764 0.023 0.183 0.026 0.004 
195 08N21408    (0)    9 :  0.087 0.008 0.003 0.886 0.016 
196 08N21409    (0)    9 :  0.015 0.010 0.008 0.940 0.027 
197 08N21430    (0)    9 :  0.114 0.070 0.200 0.610 0.006 
198 08N21435    (0)    9 :  0.019 0.005 0.018 0.547 0.412 
199 08N21446    (0)    9 :  0.042 0.003 0.002 0.950 0.003 
200 08N21938    (0)    9 :  0.259 0.093 0.247 0.395 0.005 
201     7040    (0)   11 :  0.946 0.008 0.004 0.034 0.007 
202  98N3510    (0)    8 :  0.329 0.004 0.008 0.578 0.082 
203  98N3517    (0)    8 :  0.780 0.004 0.005 0.181 0.030 
204  98N3518    (0)    8 :  0.393 0.030 0.008 0.528 0.042 
205  98N3519    (0)    8 :  0.410 0.005 0.004 0.566 0.015 
206  98N3520    (0)    8 :  0.218 0.004 0.002 0.758 0.018 
207  98N3521    (0)    8 :  0.207 0.005 0.004 0.745 0.038 
208  00N5114    (0)   10 :  0.017 0.003 0.485 0.486 0.010 
209  00N5115    (0)   10 :  0.085 0.100 0.762 0.034 0.019 
210  00N5116    (0)   10 :  0.025 0.013 0.526 0.111 0.326 
211     3101    (0)    2 :  0.002 0.001 0.974 0.005 0.018 
212     3102    (0)    2 :  0.004 0.013 0.279 0.005 0.699 
213     3103    (1)    2 :  0.017 0.004 0.632 0.071 0.277 
214     3104    (0)    2 :  0.008 0.023 0.953 0.004 0.012 
215     3105    (0)    2 :  0.003 0.010 0.558 0.006 0.423 
216     3106    (0)    2 :  0.006 0.004 0.491 0.012 0.487 
217     3107    (0)    2 :  0.010 0.009 0.949 0.011 0.021 
218     3108    (0)    2 :  0.012 0.005 0.964 0.015 0.004 
219     3109    (0)    2 :  0.012 0.009 0.459 0.297 0.222 
220     7037    (0)   11 :  0.982 0.008 0.002 0.007 0.002 
221     7042    (1)   11 :  0.977 0.007 0.002 0.013 0.002 
222     7043    (0)   11 :  0.986 0.006 0.001 0.005 0.002 
223     7044    (0)   11 :  0.989 0.003 0.001 0.005 0.002 


Estimated Allele Frequencies in each cluster
First column gives estimated ancestral frequencies


Locus 1 : 
2 alleles
0.9% missing data
   3   (0.563) 0.201 0.004 0.847 0.531 0.941 
   4   (0.437) 0.799 0.996 0.153 0.469 0.059 

Locus 2 : 
2 alleles
0.0% missing data
   3   (0.816) 0.867 0.998 0.815 0.982 0.938 
   1   (0.184) 0.133 0.002 0.185 0.018 0.062 

Locus 3 : 
2 alleles
0.0% missing data
   1   (0.899) 0.999 0.999 0.165 0.995 0.982 
   4   (0.101) 0.001 0.001 0.835 0.005 0.018 

Locus 4 : 
2 alleles
0.0% missing data
   3   (0.839) 0.998 0.998 0.909 0.964 0.845 
   1   (0.161) 0.002 0.002 0.091 0.036 0.155 

Locus 5 : 
2 alleles
0.0% missing data
   2   (0.844) 0.995 0.999 0.895 0.955 0.933 
   4   (0.156) 0.005 0.001 0.105 0.045 0.067 

Locus 6 : 
2 alleles
0.4% missing data
   3   (0.836) 0.985 0.996 0.993 0.962 0.901 
   1   (0.164) 0.015 0.004 0.007 0.038 0.099 

Locus 7 : 
2 alleles
1.8% missing data
   4   (0.530) 0.647 0.004 0.598 0.805 0.370 
   2   (0.470) 0.353 0.996 0.402 0.195 0.630 

Locus 8 : 
2 alleles
0.0% missing data
   1   (0.357) 0.008 0.997 0.989 0.071 0.390 
   3   (0.643) 0.992 0.003 0.011 0.929 0.610 

Locus 9 : 
2 alleles
0.0% missing data
   3   (0.887) 0.999 0.998 0.981 0.963 0.993 
   1   (0.113) 0.001 0.002 0.019 0.037 0.007 

Locus 10 : 
2 alleles
0.0% missing data
   1   (0.294) 0.007 0.980 0.993 0.040 0.123 
   4   (0.706) 0.993 0.020 0.007 0.960 0.877 

Locus 11 : 
2 alleles
0.0% missing data
   3   (0.778) 0.984 0.997 0.866 0.950 0.695 
   1   (0.222) 0.016 0.003 0.134 0.050 0.305 

Locus 12 : 
2 alleles
0.0% missing data
   1   (0.640) 0.666 0.006 0.809 0.737 0.939 
   3   (0.360) 0.334 0.994 0.191 0.263 0.061 

Locus 13 : 
2 alleles
1.3% missing data
   2   (0.874) 0.987 0.997 0.985 0.989 0.959 
   4   (0.126) 0.013 0.003 0.015 0.011 0.041 

Locus 14 : 
2 alleles
0.0% missing data
   2   (0.836) 0.993 0.999 0.824 0.984 0.853 
   1   (0.164) 0.007 0.001 0.176 0.016 0.147 

Locus 15 : 
2 alleles
0.0% missing data
   1   (0.165) 0.002 0.975 0.958 0.008 0.022 
   2   (0.835) 0.998 0.025 0.042 0.992 0.978 

Locus 16 : 
2 alleles
0.0% missing data
   1   (0.836) 0.998 0.999 0.980 0.961 0.770 
   3   (0.164) 0.002 0.001 0.020 0.039 0.230 

Locus 17 : 
2 alleles
0.0% missing data
   2   (0.672) 0.974 0.998 0.550 0.880 0.254 
   4   (0.328) 0.026 0.002 0.450 0.120 0.746 

Locus 18 : 
2 alleles
0.0% missing data
   2   (0.836) 0.997 0.997 0.916 0.955 0.882 
   4   (0.164) 0.003 0.003 0.084 0.045 0.118 

Locus 19 : 
2 alleles
0.9% missing data
   3   (0.752) 0.960 0.994 0.900 0.875 0.854 
   1   (0.248) 0.040 0.006 0.100 0.125 0.146 

Locus 20 : 
2 alleles
0.0% missing data
   4   (0.804) 0.978 0.998 0.941 0.976 0.818 
   2   (0.196) 0.022 0.002 0.059 0.024 0.182 

Locus 21 : 
2 alleles
0.0% missing data
   2   (0.750) 0.941 0.997 0.839 0.896 0.881 
   4   (0.250) 0.059 0.003 0.161 0.104 0.119 

Locus 22 : 
2 alleles
0.0% missing data
   2   (0.895) 0.999 0.999 0.721 0.995 0.939 
   4   (0.105) 0.001 0.001 0.279 0.005 0.061 

Locus 23 : 
2 alleles
0.9% missing data
   2   (0.814) 0.989 0.995 0.943 0.938 0.899 
   4   (0.186) 0.011 0.005 0.057 0.062 0.101 

Locus 24 : 
2 alleles
0.0% missing data
   1   (0.361) 0.034 0.002 0.362 0.360 0.557 
   3   (0.639) 0.966 0.998 0.638 0.640 0.443 

Locus 25 : 
2 alleles
0.0% missing data
   1   (0.900) 0.999 0.999 0.672 0.996 0.958 
   3   (0.100) 0.001 0.001 0.328 0.004 0.042 

Locus 26 : 
2 alleles
0.0% missing data
   3   (0.843) 0.994 0.997 0.923 0.976 0.943 
   2   (0.157) 0.006 0.003 0.077 0.024 0.057 

Locus 27 : 
2 alleles
0.4% missing data
   4   (0.322) 0.034 0.003 0.160 0.147 0.719 
   2   (0.678) 0.966 0.997 0.840 0.853 0.281 

Locus 28 : 
2 alleles
0.0% missing data
   4   (0.275) 0.008 0.002 0.682 0.033 0.905 
   2   (0.725) 0.992 0.998 0.318 0.967 0.095 

Locus 29 : 
2 alleles
0.0% missing data
   3   (0.855) 0.994 0.999 0.937 0.992 0.848 
   1   (0.145) 0.006 0.001 0.063 0.008 0.152 

Locus 30 : 
2 alleles
0.9% missing data
   3   (0.153) 0.002 0.003 0.993 0.009 0.085 
   1   (0.847) 0.998 0.997 0.007 0.991 0.915 

Locus 31 : 
2 alleles
0.4% missing data
   2   (0.160) 0.002 0.981 0.938 0.008 0.019 
   4   (0.840) 0.998 0.019 0.062 0.992 0.981 

Locus 32 : 
2 alleles
0.4% missing data
   1   (0.873) 0.999 0.999 0.964 0.960 0.977 
   3   (0.127) 0.001 0.001 0.036 0.040 0.023 

Locus 33 : 
2 alleles
0.0% missing data
   4   (0.210) 0.003 0.001 0.687 0.012 0.898 
   2   (0.790) 0.997 0.999 0.313 0.988 0.102 

Locus 34 : 
2 alleles
0.0% missing data
   2   (0.847) 0.998 0.998 0.918 0.980 0.786 
   4   (0.153) 0.002 0.002 0.082 0.020 0.214 

Locus 35 : 
2 alleles
0.9% missing data
   4   (0.320) 0.007 0.002 0.926 0.075 0.832 
   1   (0.680) 0.993 0.998 0.074 0.925 0.168 

Locus 36 : 
2 alleles
0.0% missing data
   3   (0.794) 0.982 0.998 0.916 0.968 0.697 
   2   (0.206) 0.018 0.002 0.084 0.032 0.303 

Locus 37 : 
2 alleles
0.0% missing data
   4   (0.751) 0.959 0.019 0.992 0.947 0.739 
   2   (0.249) 0.041 0.981 0.008 0.053 0.261 

Locus 38 : 
2 alleles
0.0% missing data
   1   (0.735) 0.868 0.984 0.781 0.954 0.698 
   3   (0.265) 0.132 0.016 0.219 0.046 0.302 

Locus 39 : 
2 alleles
0.0% missing data
   4   (0.129) 0.003 0.001 0.921 0.010 0.034 
   2   (0.871) 0.997 0.999 0.079 0.990 0.966 

Locus 40 : 
2 alleles
1.3% missing data
   3   (0.787) 0.997 0.998 0.830 0.878 0.731 
   1   (0.213) 0.003 0.002 0.170 0.122 0.269 

Locus 41 : 
2 alleles
0.0% missing data
   1   (0.830) 0.996 0.999 0.939 0.976 0.725 
   3   (0.170) 0.004 0.001 0.061 0.024 0.275 

Locus 42 : 
2 alleles
0.0% missing data
   1   (0.869) 0.997 0.999 0.943 0.972 0.969 
   2   (0.131) 0.003 0.001 0.057 0.028 0.031 

Locus 43 : 
2 alleles
0.9% missing data
   1   (0.875) 0.995 0.999 0.999 0.980 0.758 
   3   (0.125) 0.005 0.001 0.001 0.020 0.242 

Locus 44 : 
2 alleles
0.0% missing data
   3   (0.834) 0.996 0.997 0.941 0.981 0.615 
   1   (0.166) 0.004 0.003 0.059 0.019 0.385 

Locus 45 : 
2 alleles
0.0% missing data
   3   (0.585) 0.229 0.013 0.993 0.341 0.898 
   1   (0.415) 0.771 0.987 0.007 0.659 0.102 

Locus 46 : 
2 alleles
0.0% missing data
   4   (0.825) 0.434 0.999 0.999 0.829 0.987 
   2   (0.175) 0.566 0.001 0.001 0.171 0.013 

Locus 47 : 
2 alleles
0.9% missing data
   4   (0.807) 0.780 0.985 0.993 0.895 0.966 
   3   (0.193) 0.220 0.015 0.007 0.105 0.034 

Locus 48 : 
2 alleles
0.0% missing data
   2   (0.697) 0.586 0.011 0.976 0.820 0.961 
   4   (0.303) 0.414 0.989 0.024 0.180 0.039 

Locus 49 : 
2 alleles
0.0% missing data
   3   (0.464) 0.128 0.994 0.936 0.180 0.467 
   1   (0.536) 0.872 0.006 0.064 0.820 0.533 

Locus 50 : 
2 alleles
0.4% missing data
   2   (0.368) 0.093 0.007 0.594 0.163 0.625 
   4   (0.632) 0.907 0.993 0.406 0.837 0.375 

Locus 51 : 
2 alleles
0.0% missing data
   1   (0.735) 0.869 0.998 0.896 0.852 0.891 
   3   (0.265) 0.131 0.002 0.104 0.148 0.109 

Locus 52 : 
2 alleles
0.0% missing data
   2   (0.915) 0.826 1.000 1.000 0.995 0.995 
   4   (0.085) 0.174 0.000 0.000 0.005 0.005 

Locus 53 : 
2 alleles
0.9% missing data
   1   (0.479) 0.026 0.973 0.989 0.261 0.403 
   3   (0.521) 0.974 0.027 0.011 0.739 0.597 

Locus 54 : 
2 alleles
0.0% missing data
   3   (0.718) 0.646 0.997 0.938 0.735 0.945 
   1   (0.282) 0.354 0.003 0.062 0.265 0.055 

Locus 55 : 
2 alleles
0.0% missing data
   2   (0.517) 0.307 0.005 0.963 0.354 0.766 
   4   (0.483) 0.693 0.995 0.037 0.646 0.234 

Locus 56 : 
2 alleles
0.0% missing data
   3   (0.665) 0.686 0.009 0.924 0.813 0.927 
   2   (0.335) 0.314 0.991 0.076 0.187 0.073 

Locus 57 : 
2 alleles
0.0% missing data
   2   (0.841) 0.976 0.999 0.869 0.989 0.927 
   1   (0.159) 0.024 0.001 0.131 0.011 0.073 

Locus 58 : 
2 alleles
0.0% missing data
   2   (0.787) 0.934 0.998 0.971 0.841 0.973 
   4   (0.213) 0.066 0.002 0.029 0.159 0.027 

Locus 59 : 
2 alleles
0.9% missing data
   3   (0.765) 0.327 0.999 0.999 0.478 0.983 
   4   (0.235) 0.673 0.001 0.001 0.522 0.017 

Locus 60 : 
2 alleles
0.0% missing data
   3   (0.772) 0.656 0.996 0.991 0.854 0.957 
   1   (0.228) 0.344 0.004 0.009 0.146 0.043 

Locus 61 : 
2 alleles
0.0% missing data
   2   (0.525) 0.055 0.993 0.829 0.309 0.879 
   4   (0.475) 0.945 0.007 0.171 0.691 0.121 

Locus 62 : 
2 alleles
0.0% missing data
   4   (0.465) 0.196 0.005 0.639 0.467 0.701 
   3   (0.535) 0.804 0.995 0.361 0.533 0.299 

Locus 63 : 
2 alleles
0.0% missing data
   3   (0.642) 0.559 0.007 0.973 0.821 0.811 
   1   (0.358) 0.441 0.993 0.027 0.179 0.189 

Locus 64 : 
2 alleles
0.4% missing data
   2   (0.397) 0.013 0.991 0.963 0.029 0.930 
   4   (0.603) 0.987 0.009 0.037 0.971 0.070 

Locus 65 : 
2 alleles
0.4% missing data
   2   (0.748) 0.939 0.997 0.812 0.960 0.586 
   4   (0.252) 0.061 0.003 0.188 0.040 0.414 

Locus 66 : 
2 alleles
0.0% missing data
   2   (0.749) 0.706 0.995 0.979 0.771 0.956 
   1   (0.251) 0.294 0.005 0.021 0.229 0.044 

Locus 67 : 
2 alleles
0.4% missing data
   3   (0.697) 0.615 0.020 0.983 0.880 0.905 
   1   (0.303) 0.385 0.980 0.017 0.120 0.095 

Locus 68 : 
2 alleles
0.4% missing data
   3   (0.775) 0.580 0.998 0.970 0.888 0.978 
   1   (0.225) 0.420 0.002 0.030 0.112 0.022 

Locus 69 : 
2 alleles
0.4% missing data
   2   (0.897) 0.674 0.999 0.999 0.982 0.994 
   1   (0.103) 0.326 0.001 0.001 0.018 0.006 

Locus 70 : 
2 alleles
0.0% missing data
   2   (0.653) 0.631 0.998 0.895 0.647 0.805 
   1   (0.347) 0.369 0.002 0.105 0.353 0.195 

Locus 71 : 
2 alleles
0.4% missing data
   4   (0.797) 0.779 0.999 0.992 0.806 0.984 
   2   (0.203) 0.221 0.001 0.008 0.194 0.016 

Locus 72 : 
2 alleles
0.0% missing data
   1   (0.431) 0.786 0.990 0.114 0.328 0.132 
   4   (0.569) 0.214 0.010 0.886 0.672 0.868 

Locus 73 : 
2 alleles
2.2% missing data
   2   (0.706) 0.761 0.990 0.953 0.728 0.881 
   4   (0.294) 0.239 0.010 0.047 0.272 0.119 

Locus 74 : 
2 alleles
0.4% missing data
   4   (0.861) 0.996 0.997 0.939 0.993 0.757 
   2   (0.139) 0.004 0.003 0.061 0.007 0.243 

Locus 75 : 
2 alleles
0.0% missing data
   4   (0.363) 0.117 0.006 0.270 0.236 0.588 
   2   (0.637) 0.883 0.994 0.730 0.764 0.412 

Locus 76 : 
2 alleles
0.4% missing data
   2   (0.682) 0.528 0.996 0.942 0.540 0.945 
   3   (0.318) 0.472 0.004 0.058 0.460 0.055 

Locus 77 : 
2 alleles
0.0% missing data
   2   (0.426) 0.007 0.997 0.991 0.189 0.429 
   4   (0.574) 0.993 0.003 0.009 0.811 0.571 

Locus 78 : 
2 alleles
0.4% missing data
   3   (0.734) 0.775 0.998 0.963 0.896 0.835 
   1   (0.266) 0.225 0.002 0.037 0.104 0.165 

Locus 79 : 
2 alleles
0.0% missing data
   4   (0.812) 0.716 0.998 0.931 0.968 0.975 
   2   (0.188) 0.284 0.002 0.069 0.032 0.025 

Locus 80 : 
2 alleles
0.4% missing data
   4   (0.580) 0.704 0.993 0.565 0.700 0.387 
   3   (0.420) 0.296 0.007 0.435 0.300 0.613 

Locus 81 : 
2 alleles
0.4% missing data
   1   (0.813) 0.411 0.999 0.998 0.857 0.978 
   3   (0.187) 0.589 0.001 0.002 0.143 0.022 

Locus 82 : 
2 alleles
0.4% missing data
   2   (0.717) 0.710 0.995 0.982 0.805 0.840 
   4   (0.283) 0.290 0.005 0.018 0.195 0.160 

Locus 83 : 
2 alleles
0.4% missing data
   4   (0.547) 0.325 0.005 0.868 0.478 0.895 
   3   (0.453) 0.675 0.995 0.132 0.522 0.105 

Locus 84 : 
2 alleles
0.0% missing data
   1   (0.776) 0.413 0.998 0.992 0.808 0.974 
   3   (0.224) 0.587 0.002 0.008 0.192 0.026 

Locus 85 : 
2 alleles
0.0% missing data
   2   (0.673) 0.952 0.995 0.602 0.793 0.576 
   3   (0.327) 0.048 0.005 0.398 0.207 0.424 

Locus 86 : 
2 alleles
0.9% missing data
   2   (0.884) 0.999 0.999 0.130 0.994 0.953 
   4   (0.116) 0.001 0.001 0.870 0.006 0.047 

Locus 87 : 
2 alleles
0.4% missing data
   3   (0.161) 0.008 0.004 0.976 0.012 0.034 
   1   (0.839) 0.992 0.996 0.024 0.988 0.966 

Locus 88 : 
2 alleles
0.0% missing data
   3   (0.858) 0.682 0.999 0.999 0.929 0.991 
   2   (0.142) 0.318 0.001 0.001 0.071 0.009 

Locus 89 : 
2 alleles
0.0% missing data
   3   (0.738) 0.390 0.996 0.998 0.721 0.891 
   2   (0.262) 0.610 0.004 0.002 0.279 0.109 

Locus 90 : 
2 alleles
0.0% missing data
   4   (0.619) 0.288 0.003 0.990 0.632 0.854 
   2   (0.381) 0.712 0.997 0.010 0.368 0.146 

Locus 91 : 
2 alleles
0.4% missing data
   1   (0.769) 0.681 0.999 0.996 0.794 0.936 
   3   (0.231) 0.319 0.001 0.004 0.206 0.064 

Locus 92 : 
2 alleles
0.0% missing data
   2   (0.594) 0.108 0.993 0.951 0.415 0.885 
   4   (0.406) 0.892 0.007 0.049 0.585 0.115 

Locus 93 : 
2 alleles
0.4% missing data
   2   (0.716) 0.919 0.259 0.945 0.942 0.754 
   4   (0.284) 0.081 0.741 0.055 0.058 0.246 

Locus 94 : 
2 alleles
0.0% missing data
   3   (0.688) 0.573 0.995 0.878 0.737 0.907 
   1   (0.312) 0.427 0.005 0.122 0.263 0.093 

Locus 95 : 
2 alleles
0.0% missing data
   4   (0.626) 0.535 0.008 0.969 0.634 0.903 
   2   (0.374) 0.465 0.992 0.031 0.366 0.097 

Locus 96 : 
2 alleles
1.8% missing data
   2   (0.773) 0.382 0.999 0.985 0.829 0.984 
   4   (0.227) 0.618 0.001 0.015 0.171 0.016 

Values of parameters used in structure:
DATAFILE=96snps_breeding.str,	OUTFILE=K5.1,	NUMINDS=223,	NUMLOCI=96,	MISSING=-9,	LABEL=1,	POPDATA=1,	POPFLAG=0,	PHENOTYPE=0,	EXTRACOLS=0,	MAXPOPS=5,	BURNIN=20000,	NUMREPS=50000,	USEPOPINFO=0,	INFERALPHA=1,	INFERLAMBDA=0,	POPSPECIFICLAMBDA=0,	POPALPHAS=0,	COMPUTEPROB=1,	NOADMIX=0,	ADMBURNIN=500,	UPDATEFREQ=100,	PRINTLIKES=0,	INTERMEDSAVE=0,	PRINTKLD=0,	PRINTNET=1,	PRINTLAMBDA=1,	ANCESTDIST=0,	NUMBOXES=1000,	ANCESTPINT=0.90000,	GENSBACK=2,	MIGRPRIOR=0.01000,	PRINTQHAT=0,	PRINTQSUM=1,	ALPHA=1.0000,	FREQSCORR=1,	FPRIORMEAN=0.0100,	FPRIORSD=0.0500,	ONEFST=0,	LAMBDA=1.0000,	UNIFPRIORALPHA=1,	ALPHAMAX=10.0000,	ALPHAPRIORA=1.0000,	ALPHAPRIORB=2.0000,	ALPHAPROPSD=0.0250,	STARTATPOPINFO=0,	RANDOMIZE=1,	LINKAGE=0,	METROFREQ=10,	REPORTHITRATE=0,	MARKOVPHASE=0,	PHASED=0,	PLOIDY=2,	PHASEINFO=0	LOCPRIOR=0, 	LOCPRIORINIT=1.000000, 	LOCDATA=0, 	LOCISPOP=1, 	LOCPRIORSTEP=0.100000, 	MAXLOCPRIOR=20.000000, 	SEED=1493849197,	
[STRAT parameters]:    NUMSIMSTATS=1000,	PHENOTYPECOL=-9,	POOLFREQ=10,	LOCUSxONLY=0,	EMERROR=0.00100,	MISSINGPHENO=-9,	