

----------------------------------------------------
STRUCTURE by Pritchard, Stephens and Donnelly (2000)
     and Falush, Stephens and Pritchard (2003)
       Code by Pritchard, Falush and Hubisz
             Version 2.3.4 (Jul 2012)
----------------------------------------------------



Command line arguments:   /Users/Rachael/Documents/programs/structure/structure -K 5 -o K5.2 
Input File:    96snps_breeding.str

Run parameters:
   223 individuals
   96 loci
   5 populations assumed
   20000 Burn-in period
   50000 Reps


--------------------------------------------
Proportion of membership of each pre-defined
 population in each of the 5 clusters

Given    Inferred Clusters                     Number of
 Pop       1      2      3      4      5      Individuals

  1:     0.660  0.009  0.016  0.014  0.301       12
  2:     0.698  0.008  0.009  0.046  0.239        9
  3:     0.972  0.007  0.007  0.010  0.004        8
  4:     0.836  0.021  0.026  0.033  0.084       20
  5:     0.005  0.887  0.008  0.091  0.010        6
  6:     0.035  0.114  0.120  0.705  0.026       12
  7:     0.020  0.951  0.006  0.019  0.004       11
  8:     0.018  0.485  0.006  0.464  0.027       17
  9:     0.067  0.196  0.030  0.631  0.075       11
 10:     0.768  0.032  0.029  0.108  0.063       22
 11:     0.002  0.977  0.006  0.011  0.004        7
 12:     0.006  0.654  0.212  0.107  0.022        5
 13:     0.846  0.012  0.032  0.014  0.096       10
 14:     0.005  0.924  0.006  0.048  0.016       17
 15:     0.014  0.748  0.005  0.218  0.015        9
 16:     0.952  0.004  0.005  0.009  0.030        1
 17:     0.954  0.006  0.016  0.008  0.017        9
 18:     0.062  0.818  0.007  0.085  0.028        8
 20:     0.820  0.010  0.029  0.033  0.108       12
 21:     0.898  0.004  0.005  0.004  0.089       17
--------------------------------------------

Allele-freq. divergence among pops (Net nucleotide distance),
computed using point estimates of P.

      1       2       3       4       5      
 1      -    0.2367  0.2093  0.1634  0.0967  
 2   0.2367     -    0.1822  0.0270  0.1493  
 3   0.2093  0.1822     -    0.1689  0.2169  
 4   0.1634  0.0270  0.1689     -    0.0830  
 5   0.0967  0.1493  0.2169  0.0830     -    

Average distances (expected heterozygosity) between individuals in same cluster:
cluster  1  : 0.1539 
cluster  2  : 0.2006 
cluster  3  : 0.0142 
cluster  4  : 0.2056 
cluster  5  : 0.2182 

--------------------------------------------
Estimated Ln Prob of Data   = -13893.0
Mean value of ln likelihood = -13646.3
Variance of ln likelihood   = 493.3
Mean value of alpha         = 0.0677

Mean value of Fst_1         = 0.4882
Mean value of Fst_2         = 0.4171
Mean value of Fst_3         = 0.9558
Mean value of Fst_4         = 0.2698
Mean value of Fst_5         = 0.3788


Inferred ancestry of individuals:
        Label (%Miss) Pop:  Inferred clusters
  1  96N0117    (2)    1 :  0.513 0.048 0.005 0.014 0.420 
  2  97N6723   (10)    1 :  0.853 0.016 0.007 0.040 0.085 
  3  97N5321    (0)    1 :  0.742 0.002 0.006 0.003 0.248 
  4  97N5322    (0)    1 :  0.991 0.001 0.002 0.001 0.005 
  5  97N5323    (0)    1 :  0.515 0.006 0.002 0.009 0.468 
  6  97N5324    (6)    1 :  0.849 0.002 0.137 0.003 0.010 
  7  97N5325    (0)    1 :  0.963 0.001 0.015 0.002 0.018 
  8  97N5327    (0)    1 :  0.324 0.005 0.003 0.013 0.655 
  9  97N5328    (0)    1 :  0.504 0.014 0.007 0.045 0.431 
 10  97N5329    (1)    1 :  0.441 0.006 0.004 0.019 0.529 
 11  97N5330    (0)    1 :  0.786 0.009 0.003 0.014 0.187 
 12  97N5331    (6)    1 :  0.436 0.003 0.003 0.004 0.554 
 13 07N13314    (0)    3 :  0.991 0.002 0.002 0.002 0.003 
 14 07N13315    (0)    3 :  0.993 0.001 0.002 0.002 0.003 
 15 07N13316    (0)    3 :  0.973 0.010 0.005 0.007 0.004 
 16 07N13317    (0)    3 :  0.992 0.002 0.002 0.002 0.003 
 17 07N13545    (0)    3 :  0.988 0.003 0.003 0.003 0.004 
 18 07N13546    (0)    3 :  0.915 0.024 0.010 0.047 0.003 
 19 07N13547    (0)    3 :  0.964 0.004 0.020 0.007 0.005 
 20 07N13548    (0)    3 :  0.964 0.008 0.008 0.015 0.005 
 21  05N4604    (0)    4 :  0.684 0.007 0.011 0.023 0.275 
 22  05N4605    (0)    4 :  0.982 0.006 0.002 0.006 0.003 
 23  05N4607    (0)    4 :  0.718 0.008 0.004 0.031 0.240 
 24  05N4608    (0)    4 :  0.893 0.024 0.032 0.023 0.028 
 25  05N4610   (12)    4 :  0.794 0.021 0.007 0.047 0.130 
 26  05N4624    (0)    4 :  0.987 0.002 0.006 0.002 0.003 
 27  05N4625    (0)    4 :  0.731 0.006 0.035 0.025 0.203 
 28  05N4627    (0)    4 :  0.987 0.002 0.005 0.003 0.003 
 29  05N4628    (2)    4 :  0.371 0.024 0.268 0.033 0.304 
 30  09N1347    (0)    4 :  0.713 0.170 0.052 0.051 0.014 
 31  09N1348    (1)    4 :  0.838 0.055 0.009 0.089 0.008 
 32  01N7123    (1)    4 :  0.992 0.001 0.001 0.002 0.004 
 33  01N7124    (0)    4 :  0.986 0.002 0.003 0.003 0.005 
 34  01N7125    (0)    4 :  0.874 0.058 0.017 0.046 0.004 
 35  01N7126    (0)    4 :  0.877 0.003 0.009 0.006 0.105 
 36  01N7127    (1)    4 :  0.711 0.017 0.034 0.218 0.021 
 37  01N7128    (0)    4 :  0.983 0.003 0.002 0.005 0.008 
 38  01N7129    (0)    4 :  0.898 0.009 0.005 0.035 0.053 
 39  01N7130    (0)    4 :  0.959 0.005 0.003 0.011 0.022 
 40  13N0516    (0)    4 :  0.735 0.005 0.007 0.008 0.245 
 41  02N9746    (0)    5 :  0.011 0.885 0.017 0.059 0.027 
 42 06N29507    (0)    5 :  0.004 0.614 0.005 0.370 0.007 
 43 06N29508    (0)    5 :  0.004 0.974 0.003 0.013 0.007 
 44 07N21016    (0)    5 :  0.002 0.976 0.003 0.016 0.003 
 45 07N21027    (2)    5 :  0.006 0.905 0.007 0.068 0.015 
 46 07N34099    (0)    5 :  0.001 0.967 0.012 0.017 0.003 
 47  99N0522    (0)   18 :  0.016 0.786 0.004 0.035 0.158 
 48  99N0524    (0)   18 :  0.005 0.924 0.004 0.051 0.015 
 49  99N0525    (0)   18 :  0.003 0.948 0.002 0.042 0.004 
 50  99N0526    (0)   18 :  0.006 0.525 0.009 0.438 0.022 
 51  99N0527    (1)   18 :  0.283 0.693 0.005 0.016 0.002 
 52  99N0528    (0)   18 :  0.004 0.958 0.005 0.021 0.012 
 53  99N0529    (0)   18 :  0.176 0.803 0.004 0.013 0.003 
 54  99N0530    (0)   18 :  0.004 0.909 0.018 0.063 0.006 
 55     7038    (1)   11 :  0.004 0.971 0.006 0.008 0.011 
 56 07N18309    (0)   12 :  0.002 0.905 0.028 0.057 0.007 
 57 07N18343    (2)   12 :  0.003 0.003 0.990 0.003 0.002 
 58 07N18346    (0)   12 :  0.012 0.860 0.005 0.107 0.016 
 59 07N18356    (0)   12 :  0.004 0.889 0.030 0.012 0.064 
 60 07N18361    (0)   12 :  0.009 0.611 0.006 0.355 0.019 
 61  00N5172    (0)   10 :  0.645 0.044 0.135 0.141 0.035 
 62  00N5173    (0)   10 :  0.788 0.068 0.011 0.113 0.020 
 63  11N3234    (0)   10 :  0.689 0.034 0.005 0.219 0.053 
 64  12N2944    (0)   10 :  0.788 0.024 0.145 0.040 0.003 
 65  00N5171    (0)   10 :  0.512 0.037 0.109 0.264 0.078 
 66  11N3237    (0)   10 :  0.547 0.025 0.004 0.135 0.290 
 67  11N3238    (0)   10 :  0.778 0.079 0.022 0.113 0.007 
 68  11N3239    (0)   10 :  0.898 0.069 0.005 0.024 0.004 
 69  11N3240    (0)   10 :  0.760 0.013 0.007 0.069 0.151 
 70  02N2288    (0)   10 :  0.829 0.018 0.004 0.081 0.067 
 71  02N2289    (1)   10 :  0.991 0.002 0.002 0.002 0.003 
 72  02N2292    (2)   10 :  0.967 0.019 0.005 0.007 0.003 
 73  05N5315    (0)   10 :  0.988 0.002 0.004 0.004 0.003 
 74 03N0775.    (0)   10 :  0.674 0.018 0.030 0.115 0.162 
 75  03N0776    (0)   10 :  0.923 0.017 0.006 0.022 0.033 
 76  03N0777    (0)   10 :  0.927 0.003 0.003 0.009 0.058 
 77  03N0778    (0)   10 :  0.828 0.033 0.013 0.110 0.016 
 78  03N0782    (0)   10 :  0.913 0.057 0.006 0.020 0.004 
 79  03N0798    (0)   10 :  0.678 0.031 0.008 0.234 0.050 
 80  03N6168    (0)   13 :  0.676 0.007 0.008 0.019 0.290 
 81  03N6169    (0)   13 :  0.908 0.004 0.082 0.003 0.003 
 82  03N6176    (0)   13 :  0.903 0.028 0.032 0.025 0.012 
 83  03N6177    (0)   13 :  0.915 0.004 0.073 0.006 0.003 
 84  03N6178    (0)   13 :  0.718 0.006 0.004 0.018 0.255 
 85  97N6797    (0)   13 :  0.879 0.007 0.097 0.011 0.006 
 86  97N6798    (0)   13 :  0.975 0.001 0.007 0.002 0.014 
 87  97N6799    (0)   13 :  0.936 0.010 0.006 0.023 0.025 
 88  97N6800    (0)   13 :  0.909 0.047 0.005 0.026 0.014 
 89  97N6801    (0)   13 :  0.642 0.005 0.008 0.010 0.335 
 90  97N5259    (0)   14 :  0.004 0.938 0.003 0.038 0.017 
 91  97N5262    (0)   14 :  0.026 0.852 0.018 0.013 0.091 
 92  97N5267    (0)   14 :  0.004 0.800 0.003 0.177 0.016 
 93  97N5268    (0)   14 :  0.004 0.931 0.005 0.048 0.012 
 94  97N5269    (0)   14 :  0.004 0.981 0.002 0.006 0.005 
 95  99N0688    (0)   14 :  0.003 0.964 0.005 0.023 0.006 
 96  00N5322    (1)   14 :  0.002 0.911 0.003 0.079 0.005 
 97  99N1162    (0)   14 :  0.003 0.978 0.003 0.011 0.006 
 98  06N4619    (0)   14 :  0.002 0.970 0.004 0.017 0.007 
 99  06N4628    (0)   14 :  0.002 0.973 0.003 0.020 0.003 
100  06N4633    (0)   14 :  0.012 0.920 0.031 0.031 0.007 
101  06N4634    (0)   14 :  0.002 0.974 0.004 0.017 0.004 
102  06N4635    (0)   14 :  0.007 0.671 0.006 0.252 0.064 
103  99N1157    (0)   14 :  0.002 0.969 0.006 0.019 0.004 
104  99N1159    (1)   14 :  0.002 0.983 0.002 0.010 0.003 
105  99N1160    (0)   14 :  0.002 0.952 0.004 0.039 0.003 
106  99N1161    (0)   14 :  0.012 0.940 0.004 0.023 0.020 
107  14N0241    (0)   15 :  0.031 0.836 0.004 0.118 0.011 
108  14N0242    (0)   15 :  0.002 0.978 0.002 0.015 0.003 
109  14N0282    (0)   15 :  0.022 0.863 0.015 0.083 0.017 
110  14N0283    (0)   15 :  0.054 0.818 0.007 0.113 0.008 
111  14N0284    (0)   15 :  0.003 0.209 0.004 0.772 0.012 
112  14N0285    (0)   15 :  0.004 0.849 0.004 0.104 0.040 
113  14N0286    (0)   15 :  0.003 0.895 0.004 0.089 0.010 
114  15N0132    (0)   15 :  0.006 0.911 0.004 0.059 0.020 
115  15N0192    (0)   15 :  0.003 0.371 0.004 0.611 0.011 
116  08N1182    (0)   16 :  0.952 0.004 0.005 0.009 0.030 
117     7039    (0)   11 :  0.001 0.990 0.003 0.005 0.002 
118  02N8790    (0)    8 :  0.010 0.780 0.003 0.055 0.152 
119  02N8792    (0)    8 :  0.002 0.090 0.003 0.902 0.004 
120  02N8801    (1)    8 :  0.004 0.741 0.006 0.206 0.043 
121  02N8803    (0)    8 :  0.003 0.732 0.010 0.244 0.011 
122  02N8805    (0)    8 :  0.226 0.743 0.004 0.025 0.002 
123  02N8807    (0)    8 :  0.003 0.664 0.013 0.297 0.023 
124  02N8811    (0)    8 :  0.003 0.672 0.005 0.314 0.007 
125  02N8816    (0)    8 :  0.002 0.025 0.004 0.963 0.006 
126  02N8827    (0)    8 :  0.003 0.890 0.003 0.099 0.005 
127  02N8829    (1)    8 :  0.004 0.428 0.004 0.557 0.007 
128 08N23341    (0)    8 :  0.009 0.358 0.006 0.611 0.016 
129  05N8693    (0)   17 :  0.984 0.002 0.007 0.003 0.003 
130  06N0762    (0)   17 :  0.913 0.014 0.006 0.019 0.048 
131  06N1404    (0)   17 :  0.983 0.002 0.003 0.004 0.008 
132  06N1475    (0)   17 :  0.873 0.022 0.018 0.023 0.064 
133  07N1314    (0)   17 :  0.985 0.002 0.008 0.003 0.003 
134  08N1304    (0)   17 :  0.919 0.003 0.068 0.005 0.004 
135  08N1379    (0)   17 :  0.980 0.003 0.002 0.004 0.011 
136  08N1663    (0)   17 :  0.990 0.002 0.003 0.003 0.003 
137  08N1665    (0)   17 :  0.958 0.005 0.026 0.005 0.007 
138  00N5479    (0)    7 :  0.001 0.990 0.003 0.004 0.002 
139  00N5480    (0)    7 :  0.009 0.901 0.010 0.072 0.007 
140  00N5481    (0)    7 :  0.001 0.986 0.003 0.007 0.002 
141  00N5482    (0)    7 :  0.001 0.989 0.003 0.005 0.002 
142  00N5483    (0)    7 :  0.002 0.984 0.002 0.010 0.003 
143  00N5484    (0)    7 :  0.001 0.987 0.002 0.008 0.002 
144  00N5485    (0)    7 :  0.201 0.778 0.009 0.009 0.002 
145  00N5486    (0)    7 :  0.002 0.954 0.003 0.039 0.002 
146 08N22058    (0)    7 :  0.003 0.933 0.015 0.037 0.013 
147 10N16953    (0)    7 :  0.002 0.971 0.015 0.009 0.003 
148 10N16968    (0)    7 :  0.001 0.988 0.002 0.007 0.002 
149  96N0277    (0)   20 :  0.937 0.004 0.005 0.011 0.043 
150  96N0278    (0)   20 :  0.988 0.002 0.002 0.004 0.004 
151  96N0279    (0)   20 :  0.805 0.048 0.034 0.101 0.013 
152  96N0280    (0)   20 :  0.760 0.003 0.002 0.005 0.230 
153  96N0281    (0)   20 :  0.903 0.005 0.065 0.014 0.013 
154  96N0282    (0)   20 :  0.628 0.003 0.006 0.010 0.354 
155  96N0283    (0)   20 :  0.882 0.008 0.094 0.014 0.003 
156  96N0284    (0)   20 :  0.723 0.026 0.049 0.148 0.054 
157  96N0285    (0)   20 :  0.764 0.011 0.060 0.057 0.108 
158  96N0291    (0)   20 :  0.991 0.002 0.002 0.002 0.003 
159  96N0299    (0)   20 :  0.662 0.005 0.009 0.018 0.306 
160  96N0300    (0)   20 :  0.796 0.005 0.020 0.016 0.163 
161  01N4476    (0)    6 :  0.008 0.029 0.039 0.907 0.017 
162  01N4477    (0)    6 :  0.091 0.021 0.011 0.720 0.157 
163  02N1415    (0)    6 :  0.005 0.016 0.013 0.959 0.006 
164  02N1416    (0)    6 :  0.004 0.045 0.004 0.927 0.020 
165  02N1417    (0)    6 :  0.006 0.033 0.027 0.881 0.053 
166  02N1418    (1)    6 :  0.004 0.079 0.006 0.907 0.005 
167  02N1419    (0)    6 :  0.004 0.019 0.002 0.965 0.009 
168  02N1420    (2)    6 :  0.001 0.001 0.995 0.001 0.001 
169  02N1421    (0)    6 :  0.278 0.454 0.022 0.239 0.008 
170  02N1422    (0)    6 :  0.007 0.045 0.308 0.623 0.017 
171  97N6629    (0)    6 :  0.007 0.054 0.005 0.925 0.009 
172  97N6628    (0)    6 :  0.004 0.570 0.006 0.411 0.009 
173 06N35383    (0)   21 :  0.593 0.002 0.008 0.004 0.393 
174 09N17890    (0)   21 :  0.991 0.001 0.002 0.001 0.005 
175 09N18315    (0)   21 :  0.983 0.002 0.002 0.004 0.009 
176 10N16477    (0)   21 :  0.992 0.001 0.002 0.001 0.004 
177 10N16478    (0)   21 :  0.985 0.001 0.003 0.002 0.008 
178  02N1139    (0)   21 :  0.963 0.005 0.004 0.009 0.019 
179  02N1140    (0)   21 :  0.971 0.005 0.004 0.008 0.012 
180  03N4284    (0)   21 :  0.965 0.005 0.011 0.006 0.013 
181  03N6131    (0)   21 :  0.962 0.019 0.004 0.008 0.007 
182  03N6132    (0)   21 :  0.739 0.002 0.005 0.004 0.250 
183  04N7586    (0)   21 :  0.967 0.002 0.024 0.002 0.004 
184  04N7587    (0)   21 :  0.989 0.001 0.002 0.002 0.006 
185  04N7588    (0)   21 :  0.988 0.001 0.002 0.002 0.007 
186  05N5632    (0)   21 :  0.959 0.012 0.003 0.010 0.017 
187 09N17508    (0)   21 :  0.991 0.001 0.002 0.001 0.005 
188  97N6283    (0)   21 :  0.623 0.003 0.005 0.005 0.365 
189  97N6284    (0)   21 :  0.598 0.001 0.002 0.003 0.395 
190 07N28554    (0)    9 :  0.002 0.029 0.003 0.963 0.004 
191 07N28571    (0)    9 :  0.056 0.699 0.093 0.128 0.025 
192 07N28591    (0)    9 :  0.009 0.046 0.003 0.792 0.150 
193 07N28640    (0)    9 :  0.014 0.092 0.018 0.715 0.162 
194 07N28922    (0)    9 :  0.178 0.750 0.028 0.039 0.005 
195 08N21408    (0)    9 :  0.003 0.097 0.008 0.874 0.017 
196 08N21409    (0)    9 :  0.009 0.016 0.010 0.936 0.029 
197 08N21430    (0)    9 :  0.199 0.109 0.075 0.611 0.005 
198 08N21435    (0)    9 :  0.021 0.034 0.004 0.517 0.425 
199 08N21446    (0)    9 :  0.002 0.047 0.003 0.945 0.004 
200 08N21938    (0)    9 :  0.246 0.240 0.090 0.420 0.005 
201     7040    (0)   11 :  0.004 0.945 0.009 0.034 0.008 
202  98N3510    (0)    8 :  0.008 0.278 0.003 0.655 0.056 
203  98N3517    (0)    8 :  0.005 0.737 0.004 0.227 0.028 
204  98N3518    (0)    8 :  0.007 0.345 0.028 0.587 0.033 
205  98N3519    (0)    8 :  0.003 0.363 0.005 0.613 0.015 
206  98N3520    (0)    8 :  0.003 0.207 0.004 0.772 0.013 
207  98N3521    (0)    8 :  0.005 0.198 0.004 0.758 0.035 
208  00N5114    (0)   10 :  0.484 0.014 0.003 0.488 0.011 
209  00N5115    (0)   10 :  0.761 0.071 0.106 0.042 0.021 
210  00N5116    (0)   10 :  0.532 0.024 0.012 0.118 0.314 
211     3101    (0)    2 :  0.977 0.003 0.001 0.005 0.013 
212     3102    (0)    2 :  0.285 0.004 0.014 0.005 0.692 
213     3103    (1)    2 :  0.637 0.013 0.004 0.084 0.263 
214     3104    (0)    2 :  0.953 0.008 0.020 0.005 0.014 
215     3105    (0)    2 :  0.565 0.003 0.013 0.006 0.413 
216     3106    (0)    2 :  0.493 0.006 0.003 0.012 0.486 
217     3107    (0)    2 :  0.945 0.009 0.010 0.012 0.025 
218     3108    (0)    2 :  0.965 0.011 0.006 0.015 0.004 
219     3109    (0)    2 :  0.459 0.017 0.011 0.275 0.239 
220     7037    (0)   11 :  0.002 0.982 0.008 0.006 0.002 
221     7042    (1)   11 :  0.002 0.973 0.009 0.014 0.002 
222     7043    (0)   11 :  0.001 0.986 0.006 0.005 0.002 
223     7044    (0)   11 :  0.001 0.990 0.002 0.005 0.002 


Estimated Allele Frequencies in each cluster
First column gives estimated ancestral frequencies


Locus 1 : 
2 alleles
0.9% missing data
   3   (0.562) 0.847 0.200 0.005 0.526 0.942 
   4   (0.438) 0.153 0.800 0.995 0.474 0.058 

Locus 2 : 
2 alleles
0.0% missing data
   3   (0.814) 0.815 0.867 0.999 0.981 0.936 
   1   (0.186) 0.185 0.133 0.001 0.019 0.064 

Locus 3 : 
2 alleles
0.0% missing data
   1   (0.901) 0.167 0.999 0.999 0.995 0.982 
   4   (0.099) 0.833 0.001 0.001 0.005 0.018 

Locus 4 : 
2 alleles
0.0% missing data
   3   (0.840) 0.908 0.998 0.999 0.962 0.856 
   1   (0.160) 0.092 0.002 0.001 0.038 0.144 

Locus 5 : 
2 alleles
0.0% missing data
   2   (0.845) 0.896 0.995 0.999 0.955 0.933 
   4   (0.155) 0.104 0.005 0.001 0.045 0.067 

Locus 6 : 
2 alleles
0.4% missing data
   3   (0.835) 0.993 0.985 0.994 0.962 0.899 
   1   (0.165) 0.007 0.015 0.006 0.038 0.101 

Locus 7 : 
2 alleles
1.8% missing data
   4   (0.532) 0.597 0.647 0.005 0.802 0.385 
   2   (0.468) 0.403 0.353 0.995 0.198 0.615 

Locus 8 : 
2 alleles
0.0% missing data
   1   (0.354) 0.989 0.008 0.997 0.067 0.385 
   3   (0.646) 0.011 0.992 0.003 0.933 0.615 

Locus 9 : 
2 alleles
0.0% missing data
   3   (0.887) 0.981 0.999 0.997 0.963 0.993 
   1   (0.113) 0.019 0.001 0.003 0.037 0.007 

Locus 10 : 
2 alleles
0.0% missing data
   1   (0.289) 0.993 0.007 0.980 0.038 0.119 
   4   (0.711) 0.007 0.993 0.020 0.962 0.881 

Locus 11 : 
2 alleles
0.0% missing data
   3   (0.780) 0.865 0.985 0.997 0.949 0.698 
   1   (0.220) 0.135 0.015 0.003 0.051 0.302 

Locus 12 : 
2 alleles
0.0% missing data
   1   (0.640) 0.809 0.664 0.006 0.743 0.936 
   3   (0.360) 0.191 0.336 0.994 0.257 0.064 

Locus 13 : 
2 alleles
1.3% missing data
   2   (0.875) 0.985 0.987 0.999 0.990 0.956 
   4   (0.125) 0.015 0.013 0.001 0.010 0.044 

Locus 14 : 
2 alleles
0.0% missing data
   2   (0.838) 0.825 0.993 0.999 0.985 0.846 
   1   (0.162) 0.175 0.007 0.001 0.015 0.154 

Locus 15 : 
2 alleles
0.0% missing data
   1   (0.166) 0.956 0.002 0.976 0.008 0.021 
   2   (0.834) 0.044 0.998 0.024 0.992 0.979 

Locus 16 : 
2 alleles
0.0% missing data
   1   (0.836) 0.979 0.998 0.999 0.962 0.769 
   3   (0.164) 0.021 0.002 0.001 0.038 0.231 

Locus 17 : 
2 alleles
0.0% missing data
   2   (0.674) 0.549 0.974 0.998 0.879 0.264 
   4   (0.326) 0.451 0.026 0.002 0.121 0.736 

Locus 18 : 
2 alleles
0.0% missing data
   2   (0.838) 0.915 0.997 0.998 0.953 0.895 
   4   (0.162) 0.085 0.003 0.002 0.047 0.105 

Locus 19 : 
2 alleles
0.9% missing data
   3   (0.753) 0.900 0.961 0.993 0.875 0.851 
   1   (0.247) 0.100 0.039 0.007 0.125 0.149 

Locus 20 : 
2 alleles
0.0% missing data
   4   (0.804) 0.941 0.979 0.997 0.976 0.814 
   2   (0.196) 0.059 0.021 0.003 0.024 0.186 

Locus 21 : 
2 alleles
0.0% missing data
   2   (0.752) 0.838 0.941 0.997 0.896 0.884 
   4   (0.248) 0.162 0.059 0.003 0.104 0.116 

Locus 22 : 
2 alleles
0.0% missing data
   2   (0.897) 0.721 0.999 0.999 0.995 0.940 
   4   (0.103) 0.279 0.001 0.001 0.005 0.060 

Locus 23 : 
2 alleles
0.9% missing data
   2   (0.814) 0.944 0.989 0.993 0.939 0.898 
   4   (0.186) 0.056 0.011 0.007 0.061 0.102 

Locus 24 : 
2 alleles
0.0% missing data
   1   (0.361) 0.361 0.033 0.002 0.354 0.568 
   3   (0.639) 0.639 0.967 0.998 0.646 0.432 

Locus 25 : 
2 alleles
0.0% missing data
   1   (0.905) 0.671 0.999 0.999 0.996 0.963 
   3   (0.095) 0.329 0.001 0.001 0.004 0.037 

Locus 26 : 
2 alleles
0.0% missing data
   3   (0.844) 0.922 0.993 0.995 0.976 0.946 
   2   (0.156) 0.078 0.007 0.005 0.024 0.054 

Locus 27 : 
2 alleles
0.4% missing data
   4   (0.321) 0.160 0.034 0.003 0.144 0.721 
   2   (0.679) 0.840 0.966 0.997 0.856 0.279 

Locus 28 : 
2 alleles
0.0% missing data
   4   (0.270) 0.681 0.007 0.002 0.033 0.901 
   2   (0.730) 0.319 0.993 0.998 0.967 0.099 

Locus 29 : 
2 alleles
0.0% missing data
   3   (0.857) 0.937 0.994 0.999 0.993 0.845 
   1   (0.143) 0.063 0.006 0.001 0.007 0.155 

Locus 30 : 
2 alleles
0.9% missing data
   3   (0.150) 0.993 0.002 0.002 0.008 0.080 
   1   (0.850) 0.007 0.998 0.998 0.992 0.920 

Locus 31 : 
2 alleles
0.4% missing data
   2   (0.159) 0.936 0.002 0.981 0.008 0.018 
   4   (0.841) 0.064 0.998 0.019 0.992 0.982 

Locus 32 : 
2 alleles
0.4% missing data
   1   (0.873) 0.964 0.999 0.999 0.961 0.976 
   3   (0.127) 0.036 0.001 0.001 0.039 0.024 

Locus 33 : 
2 alleles
0.0% missing data
   4   (0.211) 0.687 0.003 0.002 0.012 0.892 
   2   (0.789) 0.313 0.997 0.998 0.988 0.108 

Locus 34 : 
2 alleles
0.0% missing data
   2   (0.850) 0.917 0.998 0.999 0.980 0.793 
   4   (0.150) 0.083 0.002 0.001 0.020 0.207 

Locus 35 : 
2 alleles
0.9% missing data
   4   (0.317) 0.926 0.007 0.002 0.077 0.823 
   1   (0.683) 0.074 0.993 0.998 0.923 0.177 

Locus 36 : 
2 alleles
0.0% missing data
   3   (0.795) 0.916 0.982 0.998 0.968 0.697 
   2   (0.205) 0.084 0.018 0.002 0.032 0.303 

Locus 37 : 
2 alleles
0.0% missing data
   4   (0.749) 0.991 0.959 0.021 0.949 0.738 
   2   (0.251) 0.009 0.041 0.979 0.051 0.262 

Locus 38 : 
2 alleles
0.0% missing data
   1   (0.738) 0.781 0.867 0.981 0.958 0.694 
   3   (0.262) 0.219 0.133 0.019 0.042 0.306 

Locus 39 : 
2 alleles
0.0% missing data
   4   (0.125) 0.920 0.003 0.002 0.009 0.034 
   2   (0.875) 0.080 0.997 0.998 0.991 0.966 

Locus 40 : 
2 alleles
1.3% missing data
   3   (0.793) 0.827 0.997 0.998 0.876 0.756 
   1   (0.207) 0.173 0.003 0.002 0.124 0.244 

Locus 41 : 
2 alleles
0.0% missing data
   1   (0.828) 0.938 0.996 0.999 0.974 0.732 
   3   (0.172) 0.062 0.004 0.001 0.026 0.268 

Locus 42 : 
2 alleles
0.0% missing data
   1   (0.869) 0.943 0.997 0.998 0.975 0.965 
   2   (0.131) 0.057 0.003 0.002 0.025 0.035 

Locus 43 : 
2 alleles
0.9% missing data
   1   (0.874) 0.999 0.995 0.999 0.979 0.758 
   3   (0.126) 0.001 0.005 0.001 0.021 0.242 

Locus 44 : 
2 alleles
0.0% missing data
   3   (0.838) 0.941 0.996 0.996 0.982 0.616 
   1   (0.162) 0.059 0.004 0.004 0.018 0.384 

Locus 45 : 
2 alleles
0.0% missing data
   3   (0.584) 0.993 0.230 0.013 0.332 0.897 
   1   (0.416) 0.007 0.770 0.987 0.668 0.103 

Locus 46 : 
2 alleles
0.0% missing data
   4   (0.822) 0.999 0.432 0.999 0.827 0.987 
   2   (0.178) 0.001 0.568 0.001 0.173 0.013 

Locus 47 : 
2 alleles
0.9% missing data
   4   (0.807) 0.993 0.783 0.980 0.890 0.964 
   3   (0.193) 0.007 0.217 0.020 0.110 0.036 

Locus 48 : 
2 alleles
0.0% missing data
   2   (0.697) 0.976 0.588 0.012 0.814 0.961 
   4   (0.303) 0.024 0.412 0.988 0.186 0.039 

Locus 49 : 
2 alleles
0.0% missing data
   3   (0.462) 0.936 0.128 0.993 0.182 0.454 
   1   (0.538) 0.064 0.872 0.007 0.818 0.546 

Locus 50 : 
2 alleles
0.4% missing data
   2   (0.366) 0.593 0.093 0.008 0.157 0.631 
   4   (0.634) 0.407 0.907 0.992 0.843 0.369 

Locus 51 : 
2 alleles
0.0% missing data
   1   (0.738) 0.896 0.871 0.997 0.849 0.893 
   3   (0.262) 0.104 0.129 0.003 0.151 0.107 

Locus 52 : 
2 alleles
0.0% missing data
   2   (0.917) 1.000 0.824 1.000 0.995 0.995 
   4   (0.083) 0.000 0.176 0.000 0.005 0.005 

Locus 53 : 
2 alleles
0.9% missing data
   1   (0.475) 0.989 0.025 0.968 0.259 0.393 
   3   (0.525) 0.011 0.975 0.032 0.741 0.607 

Locus 54 : 
2 alleles
0.0% missing data
   3   (0.719) 0.938 0.646 0.997 0.735 0.943 
   1   (0.281) 0.062 0.354 0.003 0.265 0.057 

Locus 55 : 
2 alleles
0.0% missing data
   2   (0.514) 0.963 0.307 0.006 0.351 0.765 
   4   (0.486) 0.037 0.693 0.994 0.649 0.235 

Locus 56 : 
2 alleles
0.0% missing data
   3   (0.666) 0.924 0.685 0.009 0.814 0.926 
   2   (0.334) 0.076 0.315 0.991 0.186 0.074 

Locus 57 : 
2 alleles
0.0% missing data
   2   (0.841) 0.870 0.976 0.998 0.989 0.924 
   1   (0.159) 0.130 0.024 0.002 0.011 0.076 

Locus 58 : 
2 alleles
0.0% missing data
   2   (0.788) 0.971 0.933 0.998 0.844 0.971 
   4   (0.212) 0.029 0.067 0.002 0.156 0.029 

Locus 59 : 
2 alleles
0.9% missing data
   3   (0.763) 0.999 0.326 0.999 0.473 0.983 
   4   (0.237) 0.001 0.674 0.001 0.527 0.017 

Locus 60 : 
2 alleles
0.0% missing data
   3   (0.772) 0.991 0.654 0.996 0.853 0.957 
   1   (0.228) 0.009 0.346 0.004 0.147 0.043 

Locus 61 : 
2 alleles
0.0% missing data
   2   (0.523) 0.829 0.054 0.994 0.306 0.876 
   4   (0.477) 0.171 0.946 0.006 0.694 0.124 

Locus 62 : 
2 alleles
0.0% missing data
   4   (0.462) 0.639 0.194 0.006 0.464 0.702 
   3   (0.538) 0.361 0.806 0.994 0.536 0.298 

Locus 63 : 
2 alleles
0.0% missing data
   3   (0.641) 0.972 0.559 0.007 0.816 0.812 
   1   (0.359) 0.028 0.441 0.993 0.184 0.188 

Locus 64 : 
2 alleles
0.4% missing data
   2   (0.389) 0.963 0.012 0.989 0.028 0.926 
   4   (0.611) 0.037 0.988 0.011 0.972 0.074 

Locus 65 : 
2 alleles
0.4% missing data
   2   (0.749) 0.812 0.940 0.997 0.960 0.585 
   4   (0.251) 0.188 0.060 0.003 0.040 0.415 

Locus 66 : 
2 alleles
0.0% missing data
   2   (0.750) 0.979 0.704 0.994 0.773 0.956 
   1   (0.250) 0.021 0.296 0.006 0.227 0.044 

Locus 67 : 
2 alleles
0.4% missing data
   3   (0.694) 0.983 0.616 0.024 0.872 0.903 
   1   (0.306) 0.017 0.384 0.976 0.128 0.097 

Locus 68 : 
2 alleles
0.4% missing data
   3   (0.776) 0.970 0.577 0.998 0.891 0.977 
   1   (0.224) 0.030 0.423 0.002 0.109 0.023 

Locus 69 : 
2 alleles
0.4% missing data
   2   (0.890) 0.999 0.674 0.999 0.976 0.994 
   1   (0.110) 0.001 0.326 0.001 0.024 0.006 

Locus 70 : 
2 alleles
0.0% missing data
   2   (0.650) 0.895 0.631 0.997 0.645 0.803 
   1   (0.350) 0.105 0.369 0.003 0.355 0.197 

Locus 71 : 
2 alleles
0.4% missing data
   4   (0.797) 0.993 0.780 0.998 0.802 0.983 
   2   (0.203) 0.007 0.220 0.002 0.198 0.017 

Locus 72 : 
2 alleles
0.0% missing data
   1   (0.434) 0.113 0.789 0.990 0.326 0.135 
   4   (0.566) 0.887 0.211 0.010 0.674 0.865 

Locus 73 : 
2 alleles
2.2% missing data
   2   (0.705) 0.953 0.762 0.991 0.722 0.884 
   4   (0.295) 0.047 0.238 0.009 0.278 0.116 

Locus 74 : 
2 alleles
0.4% missing data
   4   (0.861) 0.938 0.997 0.997 0.993 0.762 
   2   (0.139) 0.062 0.003 0.003 0.007 0.238 

Locus 75 : 
2 alleles
0.0% missing data
   4   (0.366) 0.271 0.116 0.005 0.237 0.584 
   2   (0.634) 0.729 0.884 0.995 0.763 0.416 

Locus 76 : 
2 alleles
0.4% missing data
   2   (0.683) 0.942 0.525 0.996 0.543 0.947 
   3   (0.317) 0.058 0.475 0.004 0.457 0.053 

Locus 77 : 
2 alleles
0.0% missing data
   2   (0.421) 0.991 0.007 0.996 0.187 0.418 
   4   (0.579) 0.009 0.993 0.004 0.813 0.582 

Locus 78 : 
2 alleles
0.4% missing data
   3   (0.733) 0.963 0.775 0.998 0.893 0.838 
   1   (0.267) 0.037 0.225 0.002 0.107 0.162 

Locus 79 : 
2 alleles
0.0% missing data
   4   (0.811) 0.931 0.715 0.998 0.966 0.975 
   2   (0.189) 0.069 0.285 0.002 0.034 0.025 

Locus 80 : 
2 alleles
0.4% missing data
   4   (0.580) 0.565 0.703 0.992 0.704 0.374 
   3   (0.420) 0.435 0.297 0.008 0.296 0.626 

Locus 81 : 
2 alleles
0.4% missing data
   1   (0.811) 0.998 0.411 0.999 0.851 0.977 
   3   (0.189) 0.002 0.589 0.001 0.149 0.023 

Locus 82 : 
2 alleles
0.4% missing data
   2   (0.718) 0.982 0.709 0.995 0.806 0.841 
   4   (0.282) 0.018 0.291 0.005 0.194 0.159 

Locus 83 : 
2 alleles
0.4% missing data
   4   (0.547) 0.867 0.323 0.005 0.479 0.896 
   3   (0.453) 0.133 0.677 0.995 0.521 0.104 

Locus 84 : 
2 alleles
0.0% missing data
   1   (0.774) 0.992 0.412 0.999 0.804 0.973 
   3   (0.226) 0.008 0.588 0.001 0.196 0.027 

Locus 85 : 
2 alleles
0.0% missing data
   2   (0.672) 0.602 0.952 0.996 0.798 0.572 
   3   (0.328) 0.398 0.048 0.004 0.202 0.428 

Locus 86 : 
2 alleles
0.9% missing data
   2   (0.887) 0.131 0.999 0.999 0.995 0.956 
   4   (0.113) 0.869 0.001 0.001 0.005 0.044 

Locus 87 : 
2 alleles
0.4% missing data
   3   (0.156) 0.974 0.008 0.003 0.012 0.033 
   1   (0.844) 0.026 0.992 0.997 0.988 0.967 

Locus 88 : 
2 alleles
0.0% missing data
   3   (0.858) 0.999 0.681 0.999 0.928 0.991 
   2   (0.142) 0.001 0.319 0.001 0.072 0.009 

Locus 89 : 
2 alleles
0.0% missing data
   3   (0.736) 0.998 0.389 0.995 0.713 0.893 
   2   (0.264) 0.002 0.611 0.005 0.287 0.107 

Locus 90 : 
2 alleles
0.0% missing data
   4   (0.617) 0.990 0.289 0.003 0.628 0.850 
   2   (0.383) 0.010 0.711 0.997 0.372 0.150 

Locus 91 : 
2 alleles
0.4% missing data
   1   (0.772) 0.996 0.683 0.999 0.787 0.938 
   3   (0.228) 0.004 0.317 0.001 0.213 0.062 

Locus 92 : 
2 alleles
0.0% missing data
   2   (0.594) 0.951 0.106 0.992 0.415 0.880 
   4   (0.406) 0.049 0.894 0.008 0.585 0.120 

Locus 93 : 
2 alleles
0.4% missing data
   2   (0.716) 0.944 0.919 0.258 0.941 0.759 
   4   (0.284) 0.056 0.081 0.742 0.059 0.241 

Locus 94 : 
2 alleles
0.0% missing data
   3   (0.691) 0.878 0.572 0.995 0.736 0.908 
   1   (0.309) 0.122 0.428 0.005 0.264 0.092 

Locus 95 : 
2 alleles
0.0% missing data
   4   (0.627) 0.968 0.533 0.008 0.641 0.900 
   2   (0.373) 0.032 0.467 0.992 0.359 0.100 

Locus 96 : 
2 alleles
1.8% missing data
   2   (0.775) 0.985 0.378 0.999 0.830 0.983 
   4   (0.225) 0.015 0.622 0.001 0.170 0.017 

Values of parameters used in structure:
DATAFILE=96snps_breeding.str,	OUTFILE=K5.2,	NUMINDS=223,	NUMLOCI=96,	MISSING=-9,	LABEL=1,	POPDATA=1,	POPFLAG=0,	PHENOTYPE=0,	EXTRACOLS=0,	MAXPOPS=5,	BURNIN=20000,	NUMREPS=50000,	USEPOPINFO=0,	INFERALPHA=1,	INFERLAMBDA=0,	POPSPECIFICLAMBDA=0,	POPALPHAS=0,	COMPUTEPROB=1,	NOADMIX=0,	ADMBURNIN=500,	UPDATEFREQ=100,	PRINTLIKES=0,	INTERMEDSAVE=0,	PRINTKLD=0,	PRINTNET=1,	PRINTLAMBDA=1,	ANCESTDIST=0,	NUMBOXES=1000,	ANCESTPINT=0.90000,	GENSBACK=2,	MIGRPRIOR=0.01000,	PRINTQHAT=0,	PRINTQSUM=1,	ALPHA=1.0000,	FREQSCORR=1,	FPRIORMEAN=0.0100,	FPRIORSD=0.0500,	ONEFST=0,	LAMBDA=1.0000,	UNIFPRIORALPHA=1,	ALPHAMAX=10.0000,	ALPHAPRIORA=1.0000,	ALPHAPRIORB=2.0000,	ALPHAPROPSD=0.0250,	STARTATPOPINFO=0,	RANDOMIZE=1,	LINKAGE=0,	METROFREQ=10,	REPORTHITRATE=0,	MARKOVPHASE=0,	PHASED=0,	PLOIDY=2,	PHASEINFO=0	LOCPRIOR=0, 	LOCPRIORINIT=1.000000, 	LOCDATA=0, 	LOCISPOP=1, 	LOCPRIORSTEP=0.100000, 	MAXLOCPRIOR=20.000000, 	SEED=1493849391,	
[STRAT parameters]:    NUMSIMSTATS=1000,	PHENOTYPECOL=-9,	POOLFREQ=10,	LOCUSxONLY=0,	EMERROR=0.00100,	MISSINGPHENO=-9,	