96N0117	0.478	0.075	0.447	
97N6723	0.806	0.027	0.167	
97N5321	0.777	0.005	0.219	
97N5322	0.989	0.002	0.009	
97N5323	0.489	0.012	0.499	
97N5324	0.961	0.008	0.031	
97N5325	0.981	0.003	0.017	
97N5327	0.294	0.013	0.692	
97N5328	0.441	0.027	0.532	
97N5329	0.388	0.014	0.598	
97N5330	0.829	0.021	0.150	
97N5331	0.442	0.007	0.551	
07N13314	0.992	0.003	0.005	
07N13315	0.991	0.003	0.006	
07N13316	0.976	0.016	0.008	
07N13317	0.991	0.003	0.006	
07N13545	0.988	0.005	0.008	
07N13546	0.943	0.048	0.009	
07N13547	0.977	0.008	0.015	
07N13548	0.973	0.014	0.013	
05N4604	0.616	0.009	0.375	
05N4605	0.982	0.010	0.008	
05N4607	0.659	0.012	0.329	
05N4608	0.933	0.033	0.034	
05N4610	0.743	0.033	0.224	
05N4624	0.991	0.003	0.006	
05N4625	0.676	0.009	0.315	
05N4627	0.990	0.004	0.006	
05N4628	0.520	0.204	0.275	
09N1347	0.737	0.235	0.027	
09N1348	0.865	0.124	0.011	
01N7123	0.989	0.002	0.009	
01N7124	0.988	0.004	0.008	
01N7125	0.898	0.091	0.011	
01N7126	0.834	0.006	0.160	
01N7127	0.722	0.119	0.159	
01N7128	0.974	0.005	0.022	
01N7129	0.818	0.015	0.166	
01N7130	0.915	0.010	0.075	
13N0516	0.737	0.012	0.250	
02N9746	0.015	0.955	0.030	
06N29507	0.008	0.969	0.023	
06N29508	0.005	0.984	0.011	
07N21016	0.003	0.992	0.005	
07N21027	0.007	0.977	0.016	
07N34099	0.003	0.993	0.004	
99N0522	0.019	0.827	0.154	
99N0524	0.007	0.974	0.019	
99N0525	0.003	0.991	0.005	
99N0526	0.013	0.937	0.051	
99N0527	0.276	0.720	0.004	
99N0528	0.008	0.978	0.014	
99N0529	0.170	0.824	0.006	
99N0530	0.007	0.984	0.009	
7038	0.006	0.980	0.014	
07N18309	0.005	0.986	0.010	
07N18343	0.376	0.610	0.014	
07N18346	0.016	0.960	0.024	
07N18356	0.012	0.932	0.056	
07N18361	0.019	0.927	0.053	
00N5172	0.719	0.213	0.068	
00N5173	0.801	0.146	0.054	
11N3234	0.633	0.100	0.266	
12N2944	0.881	0.110	0.009	
00N5171	0.557	0.257	0.186	
11N3237	0.422	0.051	0.527	
11N3238	0.795	0.173	0.032	
11N3239	0.901	0.088	0.011	
11N3240	0.685	0.018	0.298	
02N2288	0.762	0.026	0.212	
02N2289	0.991	0.003	0.006	
02N2292	0.966	0.029	0.005	
05N5315	0.989	0.005	0.006	
03N0775.	0.617	0.036	0.347	
03N0776	0.917	0.024	0.059	
03N0777	0.830	0.005	0.165	
03N0778	0.840	0.099	0.061	
03N0782	0.919	0.074	0.007	
03N0798	0.657	0.125	0.217	
03N6168	0.612	0.008	0.380	
03N6169	0.984	0.009	0.007	
03N6176	0.933	0.048	0.019	
03N6177	0.982	0.008	0.010	
03N6178	0.634	0.006	0.360	
97N6797	0.941	0.030	0.029	
97N6798	0.970	0.003	0.027	
97N6799	0.893	0.021	0.086	
97N6800	0.876	0.072	0.052	
97N6801	0.591	0.008	0.401	
97N5259	0.006	0.973	0.020	
97N5262	0.031	0.888	0.082	
97N5267	0.006	0.969	0.025	
97N5268	0.005	0.979	0.016	
97N5269	0.007	0.986	0.007	
99N0688	0.004	0.988	0.008	
00N5322	0.004	0.989	0.007	
99N1162	0.004	0.986	0.010	
06N4619	0.004	0.987	0.009	
06N4628	0.004	0.991	0.005	
06N4633	0.023	0.958	0.019	
06N4634	0.003	0.991	0.006	
06N4635	0.013	0.903	0.084	
99N1157	0.003	0.992	0.005	
99N1159	0.003	0.992	0.005	
99N1160	0.003	0.992	0.005	
99N1161	0.016	0.957	0.027	
14N0241	0.032	0.954	0.014	
14N0242	0.003	0.992	0.005	
14N0282	0.029	0.937	0.034	
14N0283	0.060	0.924	0.016	
14N0284	0.009	0.854	0.138	
14N0285	0.008	0.943	0.050	
14N0286	0.005	0.983	0.012	
15N0132	0.010	0.962	0.027	
15N0192	0.010	0.901	0.089	
08N1182	0.910	0.007	0.083	
7039	0.002	0.994	0.003	
02N8790	0.015	0.839	0.146	
02N8792	0.010	0.936	0.054	
02N8801	0.008	0.937	0.055	
02N8803	0.006	0.976	0.017	
02N8805	0.217	0.779	0.004	
02N8807	0.007	0.961	0.032	
02N8811	0.007	0.974	0.019	
02N8816	0.008	0.768	0.224	
02N8827	0.004	0.988	0.008	
02N8829	0.013	0.947	0.041	
08N23341	0.025	0.901	0.074	
05N8693	0.988	0.005	0.008	
06N0762	0.916	0.024	0.060	
06N1404	0.964	0.005	0.031	
06N1475	0.886	0.033	0.081	
07N1314	0.991	0.003	0.006	
08N1304	0.984	0.008	0.008	
08N1379	0.973	0.005	0.022	
08N1663	0.990	0.004	0.007	
08N1665	0.976	0.009	0.015	
00N5479	0.002	0.995	0.003	
00N5480	0.013	0.969	0.018	
00N5481	0.003	0.994	0.003	
00N5482	0.002	0.995	0.003	
00N5483	0.003	0.992	0.005	
00N5484	0.002	0.995	0.003	
00N5485	0.199	0.797	0.004	
00N5486	0.003	0.992	0.005	
08N22058	0.004	0.986	0.010	
10N16953	0.003	0.993	0.004	
10N16968	0.002	0.994	0.004	
96N0277	0.893	0.007	0.100	
96N0278	0.987	0.005	0.008	
96N0279	0.829	0.129	0.042	
96N0280	0.741	0.006	0.252	
96N0281	0.917	0.013	0.069	
96N0282	0.541	0.006	0.453	
96N0283	0.959	0.034	0.008	
96N0284	0.687	0.063	0.250	
96N0285	0.707	0.028	0.266	
96N0291	0.990	0.003	0.007	
96N0299	0.555	0.005	0.439	
96N0300	0.750	0.010	0.240	
01N4476	0.027	0.757	0.216	
01N4477	0.041	0.467	0.493	
02N1415	0.026	0.708	0.266	
02N1416	0.011	0.776	0.213	
02N1417	0.017	0.704	0.278	
02N1418	0.031	0.819	0.150	
02N1419	0.013	0.742	0.246	
02N1420	0.378	0.609	0.014	
02N1421	0.304	0.682	0.014	
02N1422	0.083	0.726	0.190	
97N6629	0.042	0.806	0.152	
97N6628	0.008	0.970	0.021	
06N35383	0.540	0.004	0.456	
09N17890	0.988	0.002	0.010	
09N18315	0.977	0.005	0.018	
10N16477	0.991	0.002	0.007	
10N16478	0.983	0.003	0.014	
02N1139	0.967	0.009	0.024	
02N1140	0.977	0.007	0.016	
03N4284	0.976	0.007	0.017	
03N6131	0.960	0.028	0.011	
03N6132	0.684	0.004	0.312	
04N7586	0.990	0.004	0.006	
04N7587	0.984	0.002	0.014	
04N7588	0.984	0.002	0.013	
05N5632	0.958	0.020	0.022	
09N17508	0.989	0.002	0.009	
97N6283	0.584	0.005	0.412	
97N6284	0.515	0.003	0.482	
07N28554	0.008	0.831	0.161	
07N28571	0.109	0.820	0.070	
07N28591	0.011	0.549	0.440	
07N28640	0.012	0.572	0.416	
07N28922	0.181	0.809	0.009	
08N21408	0.007	0.729	0.263	
08N21409	0.014	0.671	0.315	
08N21430	0.309	0.671	0.020	
08N21435	0.020	0.349	0.631	
08N21446	0.008	0.850	0.141	
08N21938	0.322	0.666	0.012	
7040	0.007	0.980	0.013	
98N3510	0.008	0.716	0.276	
98N3517	0.008	0.944	0.048	
98N3518	0.022	0.809	0.169	
98N3519	0.010	0.935	0.055	
98N3520	0.012	0.834	0.154	
98N3521	0.013	0.822	0.165	
00N5114	0.529	0.346	0.124	
00N5115	0.820	0.163	0.018	
00N5116	0.409	0.040	0.551	
3101	0.951	0.004	0.044	
3102	0.271	0.010	0.719	
3103	0.550	0.026	0.425	
3104	0.976	0.012	0.013	
3105	0.527	0.006	0.468	
3106	0.450	0.010	0.540	
3107	0.954	0.015	0.031	
3108	0.972	0.018	0.010	
3109	0.386	0.108	0.506	
7037	0.003	0.993	0.004	
7042	0.003	0.994	0.004	
7043	0.002	0.995	0.003	
7044	0.002	0.995	0.003	
