96N0117	0.048	0.005	0.513	0.017	0.417	
97N6723	0.015	0.006	0.850	0.040	0.089	
97N5321	0.002	0.005	0.733	0.003	0.258	
97N5322	0.001	0.002	0.990	0.001	0.006	
97N5323	0.005	0.002	0.503	0.006	0.484	
97N5324	0.002	0.136	0.847	0.002	0.013	
97N5325	0.001	0.015	0.963	0.002	0.019	
97N5327	0.006	0.003	0.324	0.012	0.655	
97N5328	0.014	0.007	0.493	0.043	0.444	
97N5329	0.006	0.004	0.437	0.022	0.531	
97N5330	0.009	0.003	0.782	0.014	0.193	
97N5331	0.003	0.003	0.430	0.004	0.561	
07N13314	0.001	0.003	0.991	0.002	0.003	
07N13315	0.002	0.002	0.992	0.002	0.003	
07N13316	0.011	0.005	0.972	0.007	0.006	
07N13317	0.002	0.002	0.992	0.002	0.002	
07N13545	0.003	0.003	0.989	0.003	0.003	
07N13546	0.024	0.010	0.916	0.046	0.003	
07N13547	0.004	0.023	0.961	0.006	0.006	
07N13548	0.009	0.008	0.963	0.015	0.005	
05N4604	0.006	0.011	0.679	0.025	0.279	
05N4605	0.005	0.002	0.984	0.006	0.003	
05N4607	0.006	0.004	0.711	0.027	0.252	
05N4608	0.022	0.038	0.891	0.021	0.027	
05N4610	0.022	0.007	0.797	0.051	0.123	
05N4624	0.002	0.006	0.987	0.002	0.003	
05N4625	0.007	0.041	0.734	0.024	0.194	
05N4627	0.002	0.005	0.987	0.003	0.002	
05N4628	0.026	0.270	0.356	0.024	0.323	
09N1347	0.179	0.048	0.714	0.043	0.016	
09N1348	0.054	0.009	0.835	0.097	0.006	
01N7123	0.001	0.001	0.991	0.002	0.004	
01N7124	0.002	0.003	0.988	0.003	0.004	
01N7125	0.061	0.017	0.874	0.043	0.004	
01N7126	0.003	0.009	0.871	0.005	0.112	
01N7127	0.023	0.035	0.709	0.208	0.024	
01N7128	0.003	0.002	0.983	0.004	0.008	
01N7129	0.010	0.004	0.896	0.039	0.051	
01N7130	0.005	0.003	0.960	0.012	0.021	
13N0516	0.005	0.007	0.731	0.006	0.251	
02N9746	0.885	0.017	0.012	0.063	0.023	
06N29507	0.640	0.004	0.004	0.343	0.008	
06N29508	0.973	0.003	0.003	0.015	0.006	
07N21016	0.976	0.003	0.002	0.016	0.003	
07N21027	0.918	0.007	0.005	0.058	0.012	
07N34099	0.967	0.014	0.002	0.014	0.003	
99N0522	0.787	0.005	0.020	0.034	0.153	
99N0524	0.934	0.004	0.006	0.041	0.015	
99N0525	0.951	0.002	0.002	0.041	0.004	
99N0526	0.528	0.010	0.006	0.434	0.022	
99N0527	0.695	0.006	0.281	0.017	0.002	
99N0528	0.954	0.005	0.005	0.025	0.011	
99N0529	0.804	0.004	0.177	0.012	0.003	
99N0530	0.905	0.014	0.004	0.071	0.006	
7038	0.971	0.006	0.003	0.009	0.010	
07N18309	0.917	0.026	0.003	0.046	0.008	
07N18343	0.003	0.991	0.002	0.003	0.002	
07N18346	0.873	0.004	0.012	0.094	0.016	
07N18356	0.892	0.029	0.005	0.012	0.061	
07N18361	0.574	0.006	0.007	0.402	0.012	
00N5172	0.036	0.125	0.643	0.164	0.033	
00N5173	0.065	0.009	0.784	0.129	0.014	
11N3234	0.032	0.005	0.688	0.232	0.044	
12N2944	0.026	0.137	0.789	0.044	0.003	
00N5171	0.037	0.101	0.519	0.289	0.054	
11N3237	0.027	0.004	0.547	0.143	0.279	
11N3238	0.064	0.017	0.771	0.141	0.006	
11N3239	0.064	0.004	0.898	0.031	0.004	
11N3240	0.012	0.007	0.765	0.079	0.137	
02N2288	0.017	0.005	0.827	0.082	0.070	
02N2289	0.001	0.002	0.991	0.002	0.003	
02N2292	0.017	0.004	0.967	0.008	0.003	
05N5315	0.002	0.004	0.988	0.004	0.002	
03N0775.	0.021	0.035	0.674	0.107	0.163	
03N0776	0.019	0.005	0.920	0.020	0.036	
03N0777	0.003	0.003	0.924	0.009	0.061	
03N0778	0.032	0.012	0.830	0.111	0.015	
03N0782	0.059	0.005	0.913	0.018	0.005	
03N0798	0.027	0.008	0.673	0.232	0.060	
03N6168	0.006	0.007	0.676	0.013	0.298	
03N6169	0.004	0.085	0.905	0.003	0.003	
03N6176	0.028	0.028	0.909	0.024	0.011	
03N6177	0.003	0.075	0.913	0.005	0.003	
03N6178	0.005	0.003	0.715	0.017	0.260	
97N6797	0.007	0.100	0.877	0.011	0.006	
97N6798	0.001	0.008	0.973	0.002	0.016	
97N6799	0.010	0.006	0.935	0.025	0.024	
97N6800	0.044	0.006	0.910	0.026	0.015	
97N6801	0.004	0.007	0.635	0.011	0.342	
97N5259	0.935	0.003	0.004	0.043	0.015	
97N5262	0.854	0.016	0.025	0.013	0.091	
97N5267	0.795	0.003	0.004	0.182	0.016	
97N5268	0.936	0.006	0.003	0.042	0.013	
97N5269	0.980	0.002	0.004	0.009	0.004	
99N0688	0.972	0.004	0.003	0.016	0.005	
00N5322	0.927	0.003	0.002	0.063	0.005	
99N1162	0.979	0.003	0.003	0.010	0.006	
06N4619	0.970	0.004	0.002	0.018	0.006	
06N4628	0.975	0.002	0.002	0.018	0.003	
06N4633	0.922	0.029	0.011	0.030	0.008	
06N4634	0.978	0.003	0.002	0.013	0.004	
06N4635	0.694	0.007	0.006	0.228	0.065	
99N1157	0.970	0.006	0.002	0.019	0.003	
99N1159	0.983	0.002	0.002	0.011	0.002	
99N1160	0.957	0.004	0.002	0.034	0.003	
99N1161	0.942	0.004	0.014	0.023	0.017	
14N0241	0.815	0.004	0.029	0.144	0.008	
14N0242	0.978	0.002	0.002	0.015	0.003	
14N0282	0.870	0.014	0.019	0.079	0.019	
14N0283	0.837	0.006	0.052	0.096	0.008	
14N0284	0.222	0.005	0.003	0.758	0.013	
14N0285	0.847	0.004	0.004	0.106	0.038	
14N0286	0.899	0.004	0.003	0.086	0.010	
15N0132	0.920	0.003	0.006	0.052	0.020	
15N0192	0.369	0.005	0.002	0.612	0.012	
08N1182	0.004	0.005	0.951	0.008	0.032	
7039	0.990	0.003	0.001	0.004	0.002	
02N8790	0.799	0.004	0.010	0.037	0.150	
02N8792	0.105	0.002	0.002	0.887	0.004	
02N8801	0.753	0.006	0.004	0.193	0.044	
02N8803	0.727	0.010	0.004	0.248	0.011	
02N8805	0.750	0.003	0.227	0.018	0.002	
02N8807	0.639	0.013	0.003	0.325	0.021	
02N8811	0.685	0.005	0.004	0.299	0.007	
02N8816	0.021	0.005	0.002	0.967	0.006	
02N8827	0.893	0.003	0.003	0.096	0.005	
02N8829	0.468	0.004	0.004	0.518	0.007	
08N23341	0.423	0.006	0.011	0.540	0.020	
05N8693	0.002	0.008	0.984	0.003	0.003	
06N0762	0.015	0.006	0.916	0.020	0.043	
06N1404	0.002	0.004	0.984	0.004	0.007	
06N1475	0.026	0.019	0.877	0.022	0.057	
07N1314	0.002	0.007	0.985	0.003	0.003	
08N1304	0.003	0.068	0.919	0.005	0.005	
08N1379	0.003	0.002	0.981	0.004	0.011	
08N1663	0.002	0.002	0.990	0.003	0.003	
08N1665	0.005	0.024	0.961	0.005	0.006	
00N5479	0.989	0.003	0.001	0.004	0.002	
00N5480	0.905	0.010	0.010	0.068	0.007	
00N5481	0.986	0.004	0.001	0.007	0.002	
00N5482	0.989	0.003	0.001	0.006	0.002	
00N5483	0.984	0.002	0.002	0.010	0.003	
00N5484	0.987	0.002	0.001	0.008	0.002	
00N5485	0.780	0.010	0.201	0.008	0.002	
00N5486	0.947	0.003	0.002	0.046	0.002	
08N22058	0.931	0.017	0.003	0.037	0.012	
10N16953	0.970	0.014	0.002	0.010	0.003	
10N16968	0.989	0.002	0.001	0.006	0.002	
96N0277	0.004	0.006	0.937	0.013	0.041	
96N0278	0.002	0.002	0.988	0.003	0.005	
96N0279	0.059	0.034	0.805	0.089	0.013	
96N0280	0.003	0.002	0.754	0.006	0.235	
96N0281	0.006	0.069	0.898	0.015	0.012	
96N0282	0.004	0.005	0.626	0.012	0.353	
96N0283	0.007	0.093	0.884	0.013	0.003	
96N0284	0.020	0.051	0.720	0.168	0.041	
96N0285	0.012	0.057	0.767	0.066	0.098	
96N0291	0.001	0.002	0.991	0.002	0.004	
96N0299	0.004	0.009	0.656	0.017	0.313	
96N0300	0.007	0.021	0.793	0.013	0.166	
01N4476	0.025	0.037	0.008	0.911	0.018	
01N4477	0.020	0.012	0.085	0.723	0.160	
02N1415	0.016	0.015	0.005	0.957	0.006	
02N1416	0.042	0.004	0.004	0.929	0.020	
02N1417	0.031	0.026	0.006	0.888	0.049	
02N1418	0.083	0.005	0.004	0.904	0.004	
02N1419	0.020	0.002	0.003	0.965	0.010	
02N1420	0.001	0.995	0.001	0.001	0.001	
02N1421	0.497	0.020	0.284	0.193	0.007	
02N1422	0.032	0.312	0.006	0.636	0.014	
97N6629	0.059	0.005	0.007	0.920	0.009	
97N6628	0.575	0.005	0.003	0.409	0.008	
06N35383	0.002	0.007	0.588	0.003	0.400	
09N17890	0.001	0.002	0.991	0.002	0.004	
09N18315	0.002	0.002	0.984	0.004	0.008	
10N16477	0.001	0.002	0.992	0.001	0.004	
10N16478	0.001	0.003	0.986	0.002	0.008	
02N1139	0.005	0.003	0.965	0.008	0.018	
02N1140	0.005	0.004	0.972	0.010	0.009	
03N4284	0.005	0.011	0.965	0.006	0.013	
03N6131	0.018	0.004	0.964	0.007	0.007	
03N6132	0.002	0.004	0.735	0.004	0.255	
04N7586	0.002	0.026	0.966	0.002	0.003	
04N7587	0.001	0.002	0.989	0.002	0.006	
04N7588	0.001	0.002	0.987	0.002	0.008	
05N5632	0.012	0.002	0.960	0.010	0.016	
09N17508	0.001	0.002	0.991	0.001	0.005	
97N6283	0.003	0.006	0.623	0.005	0.364	
97N6284	0.001	0.002	0.601	0.003	0.393	
07N28554	0.028	0.003	0.002	0.964	0.003	
07N28571	0.687	0.082	0.062	0.151	0.018	
07N28591	0.039	0.003	0.011	0.816	0.131	
07N28640	0.077	0.016	0.011	0.737	0.159	
07N28922	0.764	0.023	0.183	0.026	0.004	
08N21408	0.087	0.008	0.003	0.886	0.016	
08N21409	0.015	0.010	0.008	0.940	0.027	
08N21430	0.114	0.070	0.200	0.610	0.006	
08N21435	0.019	0.005	0.018	0.547	0.412	
08N21446	0.042	0.003	0.002	0.950	0.003	
08N21938	0.259	0.093	0.247	0.395	0.005	
7040	0.946	0.008	0.004	0.034	0.007	
98N3510	0.329	0.004	0.008	0.578	0.082	
98N3517	0.780	0.004	0.005	0.181	0.030	
98N3518	0.393	0.030	0.008	0.528	0.042	
98N3519	0.410	0.005	0.004	0.566	0.015	
98N3520	0.218	0.004	0.002	0.758	0.018	
98N3521	0.207	0.005	0.004	0.745	0.038	
00N5114	0.017	0.003	0.485	0.486	0.010	
00N5115	0.085	0.100	0.762	0.034	0.019	
00N5116	0.025	0.013	0.526	0.111	0.326	
3101	0.002	0.001	0.974	0.005	0.018	
3102	0.004	0.013	0.279	0.005	0.699	
3103	0.017	0.004	0.632	0.071	0.277	
3104	0.008	0.023	0.953	0.004	0.012	
3105	0.003	0.010	0.558	0.006	0.423	
3106	0.006	0.004	0.491	0.012	0.487	
3107	0.010	0.009	0.949	0.011	0.021	
3108	0.012	0.005	0.964	0.015	0.004	
3109	0.012	0.009	0.459	0.297	0.222	
7037	0.982	0.008	0.002	0.007	0.002	
7042	0.977	0.007	0.002	0.013	0.002	
7043	0.986	0.006	0.001	0.005	0.002	
7044	0.989	0.003	0.001	0.005	0.002	
